1.000000e-04 -2.823232e-04 -6.467863e-03 -2.580982e-04 2.800430e-08 7.479250e-10 1.231494e-05 1.389934e-07 6.467862e-03 2.309905e-03 1.054101e-07 4.029154e-08 1.099771e-07 1.300159e-09 3.751650e-10 -1.000289e-10 -2.309906e-03 -2.821634e-04 -6.013539e-09 -2.702533e-04 6.374911e-11 1.048750e-10 
1.437458e-03 -7.438127e-01 -1.329978e+00 -6.732327e-01 1.144739e-03 5.373190e-04 3.998927e-02 5.430705e-03 1.329978e+00 4.733890e-01 4.495028e-03 1.818125e-03 3.973120e-03 5.538108e-04 2.118917e-06 1.845857e-04 -4.733890e-01 -7.381575e-01 -2.620239e-04 -7.075669e-01 3.996164e-06 1.228126e-04 
2.774916e-03 -4.881732e+00 -4.897253e+00 -4.385123e+00 1.513710e-02 1.204985e-02 3.048230e-01 6.816667e-02 4.897250e+00 1.730264e+00 6.072119e-02 2.444560e-02 4.683980e-02 1.263885e-02 2.035227e-04 4.412318e-03 -1.730265e+00 -4.815637e+00 -3.465805e-03 -4.623851e+00 1.281009e-04 2.929835e-03 
4.112375e-03 -1.445787e+01 -1.056724e+01 -1.290116e+01 6.866577e-02 7.350140e-02 1.018303e+00 2.975607e-01 1.056723e+01 3.697032e+00 2.825723e-01 1.129702e-01 1.936570e-01 7.814492e-02 1.684418e-03 2.822354e-02 -3.697036e+00 -1.418684e+01 -1.579630e-02 -1.364844e+01 9.619944e-04 1.871412e-02 
5.449833e-03 -3.056846e+01 -1.814910e+01 -2.709930e+01 1.975881e-01 2.591137e-01 2.390205e+00 8.314966e-01 1.814909e+01 6.278323e+00 8.356799e-01 3.317664e-01 5.155448e-01 2.785951e-01 7.076724e-03 1.033386e-01 -6.278325e+00 -2.985268e+01 -4.581647e-02 -2.877373e+01 3.928615e-03 6.841711e-02 
6.787291e-03 -5.362484e+01 -2.742472e+01 -4.721240e+01 4.409340e-01 6.744681e-01 4.608972e+00 1.814095e+00 2.742473e+01 9.372605e+00 1.918692e+00 7.567065e-01 1.076405e+00 7.323651e-01 2.085659e-02 2.776380e-01 -9.372602e+00 -5.214211e+01 -1.033673e-01 -5.033865e+01 1.139070e-02 1.835378e-01 
8.124749e-03 -8.347649e+01 -3.816489e+01 -7.292905e+01 8.359772e-01 1.448130e+00 7.842543e+00 3.380888e+00 3.816490e+01 1.288018e+01 3.746004e+00 1.468525e+00 1.926982e+00 1.586617e+00 4.924419e-02 6.126237e-01 -1.288018e+01 -8.084297e+01 -1.987616e-01 -7.813808e+01 2.654396e-02 4.043636e-01 
9.462207e-03 -1.197461e+02 -5.014063e+01 -1.037135e+02 1.414478e+00 2.722028e+00 1.224034e+01 5.649341e+00 5.014065e+01 1.670788e+01 6.532878e+00 2.547419e+00 3.103088e+00 3.007062e+00 9.992863e-02 1.179506e+00 -1.670788e+01 -1.155392e+02 -3.422835e-01 -1.117470e+02 5.320741e-02 7.774504e-01 
1.079967e-02 -1.614910e+02 -6.313131e+01 -1.384333e+02 2.199892e+00 4.642020e+00 1.794782e+01 8.713199e+00 6.313140e+01 2.077161e+01 1.048386e+01 4.069113e+00 4.625860e+00 5.168216e+00 1.815572e-01 2.055411e+00 -2.077160e+01 -1.552710e+02 -5.439619e-01 -1.501611e+02 9.551864e-02 1.352852e+00 
1.213712e-02 -2.080363e+02 -7.692994e+01 -1.762291e+02 3.205757e+00 7.349121e+00 2.508750e+01 1.264062e+01 7.693011e+01 2.499749e+01 1.578239e+01 6.102727e+00 6.503798e+00 8.242558e+00 3.035323e-01 3.318469e+00 -2.499750e+01 -1.993652e+02 -8.133461e-01 -1.926455e+02 1.577230e-01 2.181181e+00 
1.347458e-02 -2.583261e+02 -9.134671e+01 -2.158158e+02 4.434643e+00 1.097334e+01 3.378558e+01 1.747410e+01 9.134691e+01 2.932220e+01 2.258413e+01 8.708860e+00 8.734637e+00 1.239048e+01 4.755517e-01 5.043332e+00 -2.932219e+01 -2.467833e+02 -1.159666e+00 -2.380586e+02 2.440154e-01 3.311396e+00 
1.481204e-02 -3.112929e+02 -1.062109e+02 -2.558688e+02 5.878260e+00 1.562688e+01 4.416488e+01 2.322987e+01 1.062109e+02 3.369250e+01 3.101356e+01 1.193940e+01 1.130822e+01 1.775917e+01 7.076785e-01 7.300831e+00 -3.369247e+01 -2.964868e+02 -1.591739e+00 -2.852276e+02 3.585623e-01 4.787992e+00 
1.614950e-02 -3.659572e+02 -1.213719e+02 -2.951418e+02 7.518154e+00 2.140149e+01 5.633856e+01 2.990623e+01 1.213718e+02 3.806465e+01 4.115750e+01 1.583888e+01 1.420848e+01 2.446461e+01 1.009083e+00 1.014941e+01 -3.806459e+01 -3.475335e+02 -2.117980e+00 -3.330567e+02 5.053943e-01 6.649628e+00 
1.748696e-02 -4.214895e+02 -1.366989e+02 -3.325628e+02 9.326673e+00 2.836515e+01 7.039531e+01 3.747194e+01 1.366992e+02 4.240337e+01 5.306907e+01 2.044526e+01 1.741565e+01 3.260171e+01 1.391329e+00 1.363913e+01 -4.240341e+01 -3.991362e+02 -2.746489e+00 -3.806051e+02 6.886236e-01 8.927650e+00 
1.882441e-02 -4.772078e+02 -1.520807e+02 -3.672591e+02 1.126876e+01 3.655922e+01 8.638917e+01 4.589794e+01 1.520812e+02 4.668150e+01 6.675755e+01 2.579358e+01 2.090848e+01 4.221987e+01 1.864824e+00 1.780111e+01 -4.668138e+01 -4.506576e+02 -3.484904e+00 -4.270985e+02 9.123413e-01 1.164359e+01 
2.016187e-02 -5.313953e+02 -1.674241e+02 -3.969255e+02 1.330381e+01 4.600272e+01 1.045655e+02 5.513282e+01 1.674244e+02 5.087740e+01 8.220645e+01 3.190248e+01 2.466429e+01 5.335105e+01 2.441187e+00 2.265980e+01 -5.087745e+01 -5.004259e+02 -4.340708e+00 -4.705219e+02 1.181492e+00 1.481162e+01 
2.149933e-02 -5.843032e+02 -1.826530e+02 -4.218914e+02 1.538803e+01 5.668910e+01 1.248334e+02 6.512205e+01 1.826533e+02 5.497615e+01 9.936278e+01 3.880634e+01 2.866223e+01 6.598754e+01 3.132540e+00 2.822188e+01 -5.497622e+01 -5.487348e+02 -5.320515e+00 -5.111572e+02 1.501622e+00 1.843339e+01 
2.283679e-02 -6.358000e+02 -1.977069e+02 -4.420663e+02 1.747659e+01 6.858834e+01 1.471190e+02 7.581064e+01 1.977073e+02 5.896699e+01 1.181359e+02 4.653202e+01 3.288153e+01 8.007265e+01 3.954401e+00 3.447162e+01 -5.896705e+01 -5.954926e+02 -6.429895e+00 -5.488788e+02 1.878424e+00 2.250374e+01 
2.417425e-02 -6.839208e+02 -2.125385e+02 -4.546215e+02 1.952513e+01 8.165221e+01 1.717991e+02 8.715132e+01 2.125381e+02 6.284268e+01 1.384290e+02 5.509988e+01 3.730386e+01 9.555394e+01 4.924204e+00 4.139879e+01 -6.284280e+01 -6.387714e+02 -7.674531e+00 -5.812716e+02 2.319401e+00 2.700707e+01 
2.551171e-02 -7.301972e+02 -2.271121e+02 -4.619362e+02 2.149264e+01 9.581353e+01 1.983977e+02 9.905870e+01 2.271119e+02 6.659950e+01 1.600985e+02 6.454201e+01 4.191249e+01 1.123024e+02 6.046831e+00 4.895370e+01 -6.659953e+01 -6.801329e+02 -9.058050e+00 -6.102707e+02 2.832693e+00 3.191722e+01 
2.684916e-02 -7.732785e+02 -2.414024e+02 -4.620409e+02 2.334243e+01 1.109927e+02 2.271764e+02 1.115222e+02 2.414024e+02 7.023525e+01 1.830067e+02 7.488955e+01 4.669300e+01 1.302095e+02 7.354494e+00 5.709913e+01 -7.023547e+01 -7.182539e+02 -1.058304e+01 -6.341931e+02 3.427349e+00 3.720494e+01 
2.818662e-02 -8.139409e+02 -2.553934e+02 -4.563014e+02 2.504387e+01 1.270977e+02 2.577944e+02 1.244893e+02 2.553936e+02 7.375085e+01 2.069917e+02 8.616778e+01 5.163214e+01 1.491197e+02 8.862511e+00 6.577564e+01 -7.375099e+01 -7.539318e+02 -1.225130e+01 -6.540870e+02 4.114187e+00 4.283034e+01 
2.952408e-02 -8.518490e+02 -2.690744e+02 -4.443336e+02 2.657396e+01 1.440320e+02 2.902369e+02 1.379301e+02 2.690746e+02 7.714722e+01 2.318931e+02 9.841305e+01 5.671822e+01 1.688802e+02 1.058948e+01 7.492291e+01 -7.714713e+01 -7.868490e+02 -1.406217e+01 -6.695713e+02 4.903212e+00 4.875095e+01 
3.086154e-02 -8.869703e+02 -2.824419e+02 -4.262344e+02 2.791744e+01 1.616925e+02 3.244052e+02 1.518225e+02 2.824415e+02 8.042646e+01 2.575452e+02 1.116557e+02 6.194101e+01 1.893229e+02 1.256038e+01 8.447525e+01 -8.042637e+01 -8.169859e+02 -1.601354e+01 -6.806545e+02 5.807006e+00 5.492156e+01 
3.219900e-02 -9.207470e+02 -2.954947e+02 -4.047701e+02 2.906590e+01 1.799708e+02 3.596076e+02 1.661620e+02 2.954930e+02 8.359107e+01 2.837835e+02 1.259373e+02 6.728972e+01 2.102776e+02 1.479570e+01 9.436387e+01 -8.359133e+01 -8.457943e+02 -1.810252e+01 -6.894242e+02 6.837022e+00 6.128768e+01 
3.353645e-02 -9.513315e+02 -3.082356e+02 -3.767545e+02 3.002238e+01 1.987718e+02 3.964909e+02 1.809640e+02 3.082339e+02 8.664431e+01 3.104725e+02 1.412786e+02 7.275635e+01 2.316031e+02 1.731740e+01 1.045316e+02 -8.664480e+01 -8.714325e+02 -2.032343e+01 -6.933458e+02 8.005131e+00 6.780452e+01 
3.487391e-02 -9.816572e+02 -3.206697e+02 -3.478550e+02 3.079664e+01 2.179947e+02 4.336645e+02 1.961470e+02 3.206690e+02 8.958980e+01 3.374319e+02 1.577163e+02 7.833026e+01 2.530858e+02 2.014786e+01 1.148883e+02 -8.959009e+01 -8.968375e+02 -2.266864e+01 -6.967022e+02 9.323917e+00 7.442115e+01 
3.621137e-02 -1.010154e+03 -3.328026e+02 -3.153023e+02 3.140645e+01 2.375504e+02 4.717300e+02 2.118099e+02 3.328020e+02 9.242958e+01 3.645630e+02 1.752658e+02 8.400178e+01 2.746236e+02 2.330461e+01 1.253925e+02 -9.242996e+01 -9.204427e+02 -2.512955e+01 -6.973209e+02 1.080373e+01 8.109061e+01 
3.754883e-02 -1.035879e+03 -3.446406e+02 -2.772783e+02 3.187364e+01 2.573593e+02 5.111027e+02 2.279317e+02 3.446401e+02 9.516636e+01 3.917331e+02 1.939327e+02 8.976087e+01 2.959173e+02 2.680194e+01 1.359753e+02 -9.516734e+01 -9.413022e+02 -2.769585e+01 -6.938034e+02 1.245397e+01 8.776987e+01 
3.888629e-02 -1.064763e+03 -3.561894e+02 -2.460831e+02 3.223160e+01 2.773404e+02 5.485971e+02 2.445415e+02 3.561883e+02 9.780404e+01 4.188419e+02 2.137689e+02 9.559620e+01 3.172594e+02 3.068213e+01 1.465851e+02 -9.780455e+01 -9.653481e+02 -3.035542e+01 -6.952661e+02 1.428461e+01 9.441400e+01 
4.022375e-02 -1.090925e+03 -3.674548e+02 -2.097731e+02 3.251605e+01 2.974399e+02 5.872534e+02 2.616417e+02 3.674532e+02 1.003440e+02 4.458299e+02 2.347289e+02 1.014935e+02 3.381844e+02 3.490117e+01 1.571992e+02 -1.003439e+02 -9.866980e+02 -3.309548e+01 -6.927971e+02 1.630226e+01 1.009926e+02 
4.156120e-02 -1.115431e+03 -3.784414e+02 -1.705194e+02 3.276233e+01 3.175988e+02 6.265013e+02 2.792503e+02 3.784411e+02 1.027873e+02 4.726340e+02 2.568160e+02 1.074427e+02 3.587502e+02 3.951792e+01 1.677802e+02 -1.027875e+02 -1.006416e+03 -3.590202e+01 -6.880077e+02 1.850934e+01 1.074738e+02 
4.289866e-02 -1.144241e+03 -3.891528e+02 -1.416229e+02 3.301667e+01 3.377711e+02 6.626977e+02 2.974066e+02 3.891521e+02 1.051369e+02 4.991827e+02 2.800548e+02 1.134268e+02 3.788542e+02 4.453364e+01 1.782799e+02 -1.051367e+02 -1.030461e+03 -3.875948e+01 -6.905396e+02 2.091131e+01 1.138288e+02 
4.423612e-02 -1.170862e+03 -3.995919e+02 -1.088239e+02 3.332359e+01 3.579281e+02 6.997190e+02 3.160970e+02 3.995894e+02 1.073929e+02 5.255108e+02 3.043654e+02 1.194331e+02 3.985750e+02 4.993498e+01 1.887377e+02 -1.073933e+02 -1.052338e+03 -4.165272e+01 -6.900186e+02 2.350909e+01 1.200389e+02 
4.557358e-02 -1.195697e+03 -4.097584e+02 -7.274404e+01 3.372259e+01 3.780673e+02 7.374573e+02 3.353220e+02 4.097575e+02 1.095572e+02 5.515391e+02 3.296918e+02 1.254416e+02 4.177724e+02 5.571309e+01 1.990733e+02 -1.095580e+02 -1.072454e+03 -4.456423e+01 -6.869565e+02 2.629579e+01 1.261068e+02 
4.691104e-02 -1.226755e+03 -4.196532e+02 -5.253264e+01 3.426110e+01 3.981365e+02 7.703632e+02 3.551248e+02 4.196531e+02 1.116323e+02 5.773169e+02 3.560580e+02 1.314404e+02 4.365566e+02 6.189547e+01 2.093431e+02 -1.116321e+02 -1.098815e+03 -4.747916e+01 -6.949580e+02 2.927183e+01 1.319989e+02 
4.824849e-02 -1.256241e+03 -4.292750e+02 -2.982402e+01 3.498081e+01 4.181590e+02 8.037272e+02 3.754579e+02 4.292744e+02 1.136178e+02 6.028636e+02 3.833644e+02 1.374065e+02 4.549437e+02 6.842976e+01 2.195384e+02 -1.136165e+02 -1.123629e+03 -5.038087e+01 -7.009378e+02 3.242988e+01 1.377283e+02 
4.958595e-02 -1.284112e+03 -4.386199e+02 -4.221704e+00 3.591768e+01 4.381314e+02 8.377181e+02 3.962976e+02 4.386200e+02 1.155123e+02 6.282173e+02 4.114414e+02 1.433249e+02 4.730071e+02 7.530139e+01 2.296903e+02 -1.155117e+02 -1.146858e+03 -5.325269e+01 -7.046857e+02 3.575432e+01 1.433012e+02 
5.092341e-02 -1.316736e+03 -4.476874e+02 8.264495e+00 3.710300e+01 4.580622e+02 8.675371e+02 4.176488e+02 4.476881e+02 1.173187e+02 6.534352e+02 4.402155e+02 1.491779e+02 4.901738e+02 8.250376e+01 2.398239e+02 -1.173190e+02 -1.174873e+03 -5.608108e+01 -7.174103e+02 3.923393e+01 1.487272e+02 
5.226087e-02 -1.348448e+03 -4.564711e+02 2.180599e+01 3.856402e+01 4.779660e+02 8.974330e+02 4.394353e+02 4.564713e+02 1.190379e+02 6.785745e+02 4.696363e+02 1.549465e+02 5.085099e+02 8.998456e+01 2.499771e+02 -1.190386e+02 -1.202015e+03 -5.884897e+01 -7.291959e+02 4.284275e+01 1.540258e+02 
5.359833e-02 -1.378977e+03 -4.649688e+02 3.733537e+01 4.031673e+01 4.978640e+02 9.277387e+02 4.616100e+02 4.649676e+02 1.206720e+02 7.037067e+02 4.995295e+02 1.606133e+02 5.261748e+02 9.771720e+01 2.601826e+02 -1.206719e+02 -1.228017e+03 -6.154532e+01 -7.394404e+02 4.656547e+01 1.592136e+02 
5.493579e-02 -1.412002e+03 -4.731743e+02 4.497087e+01 4.237076e+01 5.177456e+02 9.553506e+02 4.842226e+02 4.731739e+02 1.222195e+02 7.289428e+02 5.298442e+02 1.661635e+02 5.440565e+02 1.056917e+02 2.705492e+02 -1.222192e+02 -1.256567e+03 -6.415893e+01 -7.549401e+02 5.037397e+01 1.643039e+02 
5.627324e-02 -1.444634e+03 -4.810845e+02 5.266734e+01 4.473336e+01 5.376887e+02 9.828048e+02 5.069515e+02 4.810844e+02 1.236813e+02 7.542530e+02 5.603576e+02 1.715835e+02 5.619941e+02 1.138250e+02 2.809788e+02 -1.236819e+02 -1.284781e+03 -6.667946e+01 -7.702829e+02 5.424263e+01 1.693617e+02 
5.761070e-02 -1.476301e+03 -4.886958e+02 6.185083e+01 4.739629e+01 5.576561e+02 1.010536e+03 5.299698e+02 4.886948e+02 1.250614e+02 7.798641e+02 5.909980e+02 1.768595e+02 5.805160e+02 1.221177e+02 2.916873e+02 -1.250613e+02 -1.312098e+03 -6.909892e+01 -7.844723e+02 5.814011e+01 1.743796e+02 
5.894816e-02 -1.508053e+03 -4.960055e+02 6.967291e+01 5.034880e+01 5.776868e+02 1.037599e+03 5.531053e+02 4.960059e+02 1.263588e+02 8.057085e+02 6.215969e+02 1.819783e+02 5.994701e+02 1.305143e+02 3.026044e+02 -1.263587e+02 -1.339571e+03 -7.141378e+01 -7.994408e+02 6.204373e+01 1.794043e+02 
6.028562e-02 -1.539164e+03 -5.030082e+02 7.824108e+01 5.356832e+01 5.978041e+02 1.064700e+03 5.762709e+02 5.030088e+02 1.275757e+02 8.318421e+02 6.520145e+02 1.869341e+02 6.189434e+02 1.389488e+02 3.137430e+02 -1.275750e+02 -1.366489e+03 -7.361805e+01 -8.137816e+02 6.591596e+01 1.844645e+02 
6.162308e-02 -1.569311e+03 -5.097062e+02 8.865173e+01 5.703124e+01 6.180293e+02 1.092225e+03 5.993861e+02 5.097057e+02 1.287128e+02 8.584078e+02 6.821562e+02 1.917201e+02 6.391753e+02 1.474126e+02 3.252089e+02 -1.287127e+02 -1.392526e+03 -7.570534e+01 -8.267878e+02 6.972068e+01 1.896139e+02 
6.296054e-02 -1.597787e+03 -5.160987e+02 1.029457e+02 6.070687e+01 6.383477e+02 1.120805e+03 6.223922e+02 5.160966e+02 1.297736e+02 8.854076e+02 7.119264e+02 1.963252e+02 6.603030e+02 1.558615e+02 3.370251e+02 -1.297743e+02 -1.416995e+03 -7.768150e+01 -8.370769e+02 7.343323e+01 1.948545e+02 
6.429799e-02 -1.624843e+03 -5.221813e+02 1.204075e+02 6.453692e+01 6.587713e+02 1.150218e+03 6.451406e+02 5.221798e+02 1.307603e+02 9.128829e+02 7.410939e+02 2.007507e+02 6.823452e+02 1.642673e+02 3.492050e+02 -1.307601e+02 -1.440146e+03 -7.954865e+01 -8.451171e+02 7.702722e+01 2.002263e+02 
6.563545e-02 -1.650743e+03 -5.279577e+02 1.402680e+02 6.848771e+01 6.793073e+02 1.180172e+03 6.676070e+02 5.279570e+02 1.316732e+02 9.408086e+02 7.697044e+02 2.050009e+02 7.053026e+02 1.725853e+02 3.617274e+02 -1.316729e+02 -1.462257e+03 -8.130749e+01 -8.514266e+02 8.046360e+01 2.057567e+02 
6.697291e-02 -1.673905e+03 -5.334337e+02 1.676882e+02 7.251235e+01 6.999604e+02 1.212476e+03 6.896558e+02 5.334327e+02 1.325156e+02 9.691619e+02 7.975561e+02 2.090732e+02 7.291103e+02 1.807636e+02 3.745482e+02 -1.325154e+02 -1.481740e+03 -8.296828e+01 -8.526171e+02 8.372019e+01 2.114795e+02 
6.831037e-02 -1.694628e+03 -5.386133e+02 2.016488e+02 7.655349e+01 7.206899e+02 1.246714e+03 7.112701e+02 5.386122e+02 1.332889e+02 9.980269e+02 8.247098e+02 2.129763e+02 7.540692e+02 1.888372e+02 3.877827e+02 -1.332901e+02 -1.498906e+03 -8.453339e+01 -8.493463e+02 8.676819e+01 2.173899e+02 
6.964783e-02 -1.713912e+03 -5.435002e+02 2.389109e+02 8.055912e+01 7.414897e+02 1.281766e+03 7.323911e+02 5.434995e+02 1.339979e+02 1.027375e+03 8.510945e+02 2.167132e+02 7.801396e+02 1.967878e+02 4.014237e+02 -1.339996e+02 -1.514756e+03 -8.601842e+01 -8.437045e+02 8.959627e+01 2.235167e+02 
7.098528e-02 -1.730191e+03 -5.481017e+02 2.848216e+02 8.447249e+01 7.623629e+02 1.319498e+03 7.528977e+02 5.481016e+02 1.346461e+02 1.056957e+03 8.765560e+02 2.202941e+02 8.067946e+02 2.045435e+02 4.151943e+02 -1.346457e+02 -1.527729e+03 -8.743099e+01 -8.322246e+02 9.218113e+01 2.298748e+02 
7.232274e-02 -1.743286e+03 -5.524286e+02 3.399905e+02 8.823630e+01 7.832412e+02 1.360139e+03 7.728403e+02 5.524264e+02 1.352337e+02 1.087033e+03 9.013307e+02 2.237314e+02 8.347177e+02 2.121887e+02 4.294286e+02 -1.352330e+02 -1.537651e+03 -8.878055e+01 -8.145184e+02 9.451186e+01 2.364549e+02 
7.366020e-02 -1.754651e+03 -5.564864e+02 3.995260e+02 9.181038e+01 8.041479e+02 1.401923e+03 7.921148e+02 5.564838e+02 1.357627e+02 1.117218e+03 9.252516e+02 2.270316e+02 8.631113e+02 2.196692e+02 4.437276e+02 -1.357623e+02 -1.545967e+03 -9.008252e+01 -7.937119e+02 9.657401e+01 2.432716e+02 
7.499766e-02 -1.763408e+03 -5.602868e+02 4.665469e+02 9.513514e+01 8.250517e+02 1.445973e+03 8.107542e+02 5.602837e+02 1.362381e+02 1.147603e+03 9.484357e+02 2.302127e+02 8.922374e+02 2.270187e+02 4.582225e+02 -1.362380e+02 -1.551804e+03 -9.134723e+01 -7.678191e+02 9.837608e+01 2.503225e+02 
7.633512e-02 -1.769056e+03 -5.638417e+02 5.426700e+02 9.816905e+01 8.458380e+02 1.492823e+03 8.287785e+02 5.638413e+02 1.366634e+02 1.178136e+03 9.710143e+02 2.332935e+02 9.220742e+02 2.342966e+02 4.729102e+02 -1.366620e+02 -1.554649e+03 -9.259397e+01 -7.357510e+02 9.991568e+01 2.575575e+02 
7.767258e-02 -1.772731e+03 -5.671611e+02 6.239766e+02 1.008753e+02 8.665418e+02 1.541090e+03 8.461727e+02 5.671610e+02 1.370384e+02 1.208558e+03 9.930035e+02 2.362811e+02 9.521162e+02 2.414905e+02 4.875546e+02 -1.370378e+02 -1.555657e+03 -9.382847e+01 -7.000350e+02 1.011939e+02 2.649967e+02 
7.901003e-02 -1.774424e+03 -5.702546e+02 7.104947e+02 1.032192e+02 8.871060e+02 1.590751e+03 8.629372e+02 5.702593e+02 1.373674e+02 1.238733e+03 1.014473e+03 2.391950e+02 9.821857e+02 2.486122e+02 5.020742e+02 -1.373660e+02 -1.554803e+03 -9.506546e+01 -6.606283e+02 1.022282e+02 2.726091e+02 
8.034749e-02 -1.774121e+03 -5.731433e+02 8.023070e+02 1.051915e+02 9.074996e+02 1.641850e+03 8.791616e+02 5.731445e+02 1.376534e+02 1.268646e+03 1.035613e+03 2.420483e+02 1.012251e+03 2.557435e+02 5.164756e+02 -1.376527e+02 -1.552059e+03 -9.632454e+01 -6.174882e+02 1.030448e+02 2.803628e+02 
8.168495e-02 -1.771766e+03 -5.758315e+02 8.995668e+02 1.067594e+02 9.276710e+02 1.694437e+03 8.948935e+02 5.758360e+02 1.378994e+02 1.298160e+03 1.056525e+03 2.448583e+02 1.042152e+03 2.629111e+02 5.306895e+02 -1.378985e+02 -1.547376e+03 -9.760750e+01 -5.704815e+02 1.036539e+02 2.882255e+02 
8.302241e-02 -1.767879e+03 -5.783363e+02 1.000272e+03 1.079126e+02 9.475842e+02 1.747757e+03 9.103815e+02 5.783413e+02 1.381073e+02 1.327128e+03 1.077393e+03 2.476369e+02 1.071591e+03 2.701646e+02 5.446002e+02 -1.381061e+02 -1.541275e+03 -9.892950e+01 -5.208755e+02 1.040883e+02 2.961599e+02 
8.435987e-02 -1.763919e+03 -5.806741e+02 1.098638e+03 1.086709e+02 9.671792e+02 1.799647e+03 9.251505e+02 5.806735e+02 1.382792e+02 1.355445e+03 1.098342e+03 2.503984e+02 1.100439e+03 2.775546e+02 5.581484e+02 -1.382788e+02 -1.535197e+03 -1.003012e+02 -4.722830e+02 1.043771e+02 3.041218e+02 
8.569732e-02 -1.757975e+03 -5.828476e+02 1.202312e+03 1.090206e+02 9.864598e+02 1.852977e+03 9.398297e+02 5.828512e+02 1.384176e+02 1.383033e+03 1.119723e+03 2.531542e+02 1.128518e+03 2.851224e+02 5.712814e+02 -1.384173e+02 -1.527226e+03 -1.017231e+02 -4.199158e+02 1.045530e+02 3.120775e+02 
8.703478e-02 -1.750737e+03 -5.848749e+02 1.308634e+03 1.089934e+02 1.005370e+03 1.906787e+03 9.543216e+02 5.848783e+02 1.385265e+02 1.409803e+03 1.141084e+03 2.559134e+02 1.155679e+03 2.929034e+02 5.839582e+02 -1.385256e+02 -1.518048e+03 -1.032102e+02 -3.654578e+02 1.046514e+02 3.199884e+02 
8.837224e-02 -1.746449e+03 -5.867669e+02 1.399975e+03 1.085919e+02 1.023892e+03 1.954368e+03 9.686933e+02 5.867694e+02 1.386054e+02 1.435480e+03 1.163110e+03 2.586861e+02 1.181402e+03 3.009305e+02 5.959216e+02 -1.386034e+02 -1.511897e+03 -1.047618e+02 -3.198379e+02 1.047122e+02 3.278131e+02 
8.970970e-02 -1.740384e+03 -5.885351e+02 1.495853e+03 1.078623e+02 1.042006e+03 2.003137e+03 9.829896e+02 5.885357e+02 1.386560e+02 1.460022e+03 1.185695e+03 2.614812e+02 1.205630e+03 3.091945e+02 6.072014e+02 -1.386556e+02 -1.504049e+03 -1.063835e+02 -2.709467e+02 1.047699e+02 3.355054e+02 
9.104716e-02 -1.732562e+03 -5.901836e+02 1.596594e+03 1.068242e+02 1.059680e+03 2.053276e+03 9.973515e+02 5.901873e+02 1.386826e+02 1.483624e+03 1.209023e+03 2.643007e+02 1.227446e+03 3.177943e+02 6.179716e+02 -1.386818e+02 -1.494511e+03 -1.080786e+02 -2.186253e+02 1.048618e+02 3.430175e+02 
9.238462e-02 -1.725385e+03 -5.917348e+02 1.691869e+03 1.055232e+02 1.076884e+03 2.100818e+03 1.011901e+03 5.917320e+02 1.386848e+02 1.506207e+03 1.233318e+03 2.671518e+02 1.250552e+03 3.267905e+02 6.282174e+02 -1.386853e+02 -1.485677e+03 -1.098422e+02 -1.692384e+02 1.050200e+02 3.503189e+02 
9.372207e-02 -1.722802e+03 -5.931822e+02 1.764311e+03 1.040019e+02 1.093638e+03 2.139068e+03 1.026777e+03 5.931786e+02 1.386650e+02 1.527276e+03 1.258465e+03 2.700355e+02 1.270135e+03 3.361119e+02 6.374597e+02 -1.386651e+02 -1.481498e+03 -1.116767e+02 -1.334696e+02 1.052886e+02 3.573829e+02 
9.505953e-02 -1.718816e+03 -5.945360e+02 1.840172e+03 1.022948e+02 1.109928e+03 2.178204e+03 1.041637e+03 5.945359e+02 1.386228e+02 1.547229e+03 1.284600e+03 2.729479e+02 1.288137e+03 3.458176e+02 6.460632e+02 -1.386234e+02 -1.475968e+03 -1.135779e+02 -9.517571e+01 1.056991e+02 3.641579e+02 
9.639699e-02 -1.713440e+03 -5.958110e+02 1.919968e+03 1.004631e+02 1.125732e+03 2.218470e+03 1.057032e+03 5.958065e+02 1.385630e+02 1.566203e+03 1.311892e+03 2.758898e+02 1.304963e+03 3.559555e+02 6.542207e+02 -1.385632e+02 -1.469090e+03 -1.155381e+02 -5.414913e+01 1.062794e+02 3.706279e+02 
9.773445e-02 -1.710803e+03 -5.970059e+02 1.984981e+03 9.856418e+01 1.141106e+03 2.252596e+03 1.072731e+03 5.970006e+02 1.384836e+02 1.583662e+03 1.340078e+03 2.788636e+02 1.319341e+03 3.664049e+02 6.613269e+02 -1.384833e+02 -1.464992e+03 -1.175529e+02 -2.178597e+01 1.070566e+02 3.767792e+02 
9.907191e-02 -1.712352e+03 -5.981260e+02 2.027735e+03 9.663242e+01 1.155933e+03 2.277544e+03 1.089005e+03 5.981186e+02 1.383863e+02 1.600150e+03 1.369656e+03 2.818613e+02 1.332644e+03 3.773719e+02 6.681092e+02 -1.383868e+02 -1.465122e+03 -1.196132e+02 -2.582654e+00 1.080562e+02 3.825519e+02 
1.004094e-01 -1.712909e+03 -5.991717e+02 2.073080e+03 9.471034e+01 1.170360e+03 2.303229e+03 1.105607e+03 5.991712e+02 1.382714e+02 1.615258e+03 1.399990e+03 2.848702e+02 1.343649e+03 3.885559e+02 6.739401e+02 -1.382715e+02 -1.464296e+03 -1.217145e+02 1.846963e+01 1.093058e+02 3.879779e+02 
1.017468e-01 -1.712493e+03 -6.001585e+02 2.120988e+03 9.287928e+01 1.184359e+03 2.329633e+03 1.123128e+03 6.001538e+02 1.381412e+02 1.629738e+03 1.431706e+03 2.878817e+02 1.353953e+03 4.002799e+02 6.796173e+02 -1.381422e+02 -1.462530e+03 -1.238436e+02 4.131987e+01 1.108165e+02 3.929898e+02 
1.030843e-01 -1.715987e+03 -6.010763e+02 2.148212e+03 9.114495e+01 1.197931e+03 2.347577e+03 1.140337e+03 6.010713e+02 1.379956e+02 1.642772e+03 1.463930e+03 2.908985e+02 1.361926e+03 4.120728e+02 6.843638e+02 -1.379961e+02 -1.464705e+03 -1.259966e+02 5.192311e+01 1.125967e+02 3.976330e+02 
1.044217e-01 -1.722153e+03 -6.019251e+02 2.160174e+03 8.957726e+01 1.211044e+03 2.359148e+03 1.158449e+03 6.019202e+02 1.378349e+02 1.655039e+03 1.497315e+03 2.939004e+02 1.368992e+03 4.242784e+02 6.888698e+02 -1.378358e+02 -1.469583e+03 -1.281540e+02 5.359251e+01 1.146487e+02 4.018898e+02 
1.057592e-01 -1.727654e+03 -6.026952e+02 2.173343e+03 8.818808e+01 1.223775e+03 2.370935e+03 1.177035e+03 6.027046e+02 1.376587e+02 1.666648e+03 1.531521e+03 2.968905e+02 1.375241e+03 4.367415e+02 6.931673e+02 -1.376584e+02 -1.473834e+03 -1.303088e+02 5.623104e+01 1.169654e+02 4.057682e+02 
1.070967e-01 -1.732551e+03 -6.034348e+02 2.188536e+03 8.703395e+01 1.236196e+03 2.383435e+03 1.195871e+03 6.034332e+02 1.374710e+02 1.677228e+03 1.566125e+03 2.998354e+02 1.379660e+03 4.492968e+02 6.967624e+02 -1.374709e+02 -1.477497e+03 -1.324560e+02 6.014909e+01 1.195905e+02 4.092502e+02 
1.084341e-01 -1.741007e+03 -6.041030e+02 2.184265e+03 8.613751e+01 1.248291e+03 2.387966e+03 1.215152e+03 6.040945e+02 1.372686e+02 1.687487e+03 1.601403e+03 3.027453e+02 1.383816e+03 4.620130e+02 7.004148e+02 -1.372696e+02 -1.484741e+03 -1.345835e+02 5.256764e+01 1.224750e+02 4.123753e+02 
1.097716e-01 -1.750414e+03 -6.046907e+02 2.173133e+03 8.549610e+01 1.259990e+03 2.389489e+03 1.234827e+03 6.046899e+02 1.370540e+02 1.697272e+03 1.637181e+03 3.056020e+02 1.387549e+03 4.748864e+02 7.040497e+02 -1.370534e+02 -1.492996e+03 -1.366733e+02 4.107136e+01 1.256019e+02 4.151548e+02 
1.111090e-01 -1.759403e+03 -6.052131e+02 2.162698e+03 8.515581e+01 1.271369e+03 2.391097e+03 1.254587e+03 6.052181e+02 1.368247e+02 1.706388e+03 1.672910e+03 3.083952e+02 1.390357e+03 4.876520e+02 7.073945e+02 -1.368243e+02 -1.500841e+03 -1.387104e+02 3.015064e+01 1.289389e+02 4.176280e+02 
1.124465e-01 -1.768003e+03 -6.056798e+02 2.153763e+03 8.511401e+01 1.282597e+03 2.393306e+03 1.274502e+03 6.056795e+02 1.365849e+02 1.715351e+03 1.708671e+03 3.111145e+02 1.392882e+03 5.003671e+02 7.107397e+02 -1.365842e+02 -1.508339e+03 -1.407107e+02 2.010417e+01 1.325081e+02 4.197972e+02 
1.137839e-01 -1.778300e+03 -6.060782e+02 2.134519e+03 8.536717e+01 1.293555e+03 2.391197e+03 1.294526e+03 6.060738e+02 1.363325e+02 1.724270e+03 1.744369e+03 3.137518e+02 1.395630e+03 5.130122e+02 7.143320e+02 -1.363323e+02 -1.517565e+03 -1.426505e+02 4.028104e+00 1.362796e+02 4.216941e+02 
1.151214e-01 -1.788496e+03 -6.063986e+02 2.114443e+03 8.592229e+01 1.304225e+03 2.388617e+03 1.314579e+03 6.063967e+02 1.360680e+02 1.733195e+03 1.779824e+03 3.162961e+02 1.398728e+03 5.255247e+02 7.181976e+02 -1.360675e+02 -1.526727e+03 -1.445137e+02 -1.240658e+01 1.401814e+02 4.233627e+02 
1.164589e-01 -1.798359e+03 -6.066444e+02 2.095262e+03 8.677035e+01 1.314710e+03 2.386281e+03 1.334541e+03 6.066511e+02 1.357923e+02 1.742263e+03 1.814828e+03 3.187443e+02 1.402359e+03 5.378197e+02 7.224046e+02 -1.357912e+02 -1.535593e+03 -1.463012e+02 -2.826319e+01 1.442003e+02 4.248337e+02 
1.177963e-01 -1.807827e+03 -6.068246e+02 2.077105e+03 8.787266e+01 1.324974e+03 2.384246e+03 1.354636e+03 6.068275e+02 1.355047e+02 1.751244e+03 1.849168e+03 3.210820e+02 1.406040e+03 5.498224e+02 7.267249e+02 -1.355041e+02 -1.544110e+03 -1.480159e+02 -4.342240e+01 1.483257e+02 4.261307e+02 
1.191338e-01 -1.816283e+03 -6.069320e+02 2.063823e+03 8.923169e+01 1.335122e+03 2.384156e+03 1.373681e+03 6.069309e+02 1.352067e+02 1.760656e+03 1.882606e+03 3.233090e+02 1.410677e+03 5.614433e+02 7.315172e+02 -1.352064e+02 -1.551646e+03 -1.496420e+02 -5.569834e+01 1.524991e+02 4.272823e+02 
1.204712e-01 -1.824378e+03 -6.069600e+02 2.051759e+03 9.082908e+01 1.345133e+03 2.384464e+03 1.393011e+03 6.069615e+02 1.348969e+02 1.770198e+03 1.915117e+03 3.254306e+02 1.415722e+03 5.726963e+02 7.365569e+02 -1.348971e+02 -1.558849e+03 -1.511819e+02 -6.718787e+01 1.566825e+02 4.283471e+02 
1.218087e-01 -1.832057e+03 -6.069162e+02 2.040862e+03 9.259963e+01 1.354947e+03 2.385113e+03 1.411313e+03 6.069164e+02 1.345780e+02 1.780094e+03 1.946573e+03 3.274213e+02 1.421787e+03 5.835367e+02 7.420738e+02 -1.345779e+02 -1.565712e+03 -1.526319e+02 -7.790284e+01 1.608456e+02 4.293585e+02 
1.231462e-01 -1.838770e+03 -6.067917e+02 2.034641e+03 9.453430e+01 1.364628e+03 2.387597e+03 1.429395e+03 6.067951e+02 1.342492e+02 1.790443e+03 1.976882e+03 3.292978e+02 1.428958e+03 5.939531e+02 7.480944e+02 -1.342482e+02 -1.571647e+03 -1.539933e+02 -8.582134e+01 1.649538e+02 4.303406e+02 
1.244836e-01 -1.842834e+03 -6.065950e+02 2.043300e+03 9.661730e+01 1.374242e+03 2.396159e+03 1.446867e+03 6.065973e+02 1.339124e+02 1.801354e+03 2.005936e+03 3.310556e+02 1.437300e+03 6.039116e+02 7.546457e+02 -1.339095e+02 -1.574962e+03 -1.552637e+02 -8.498872e+01 1.689662e+02 4.313240e+02 
1.258211e-01 -1.846378e+03 -6.063234e+02 2.053766e+03 9.878234e+01 1.383686e+03 2.405340e+03 1.463714e+03 6.063250e+02 1.335621e+02 1.812707e+03 2.033712e+03 3.326918e+02 1.446768e+03 6.134239e+02 7.616641e+02 -1.335610e+02 -1.577816e+03 -1.564467e+02 -8.300543e+01 1.728533e+02 4.323538e+02 
1.271585e-01 -1.849424e+03 -6.059820e+02 2.066221e+03 1.010029e+02 1.393017e+03 2.415191e+03 1.479881e+03 6.059771e+02 1.332028e+02 1.824583e+03 2.060170e+03 3.342123e+02 1.457472e+03 6.224596e+02 7.691843e+02 -1.332046e+02 -1.580212e+03 -1.575425e+02 -7.975399e+01 1.765886e+02 4.334353e+02 
1.284960e-01 -1.850766e+03 -6.055554e+02 2.087834e+03 1.032221e+02 1.402271e+03 2.428712e+03 1.495329e+03 6.055555e+02 1.328367e+02 1.836880e+03 2.085266e+03 3.356195e+02 1.469265e+03 6.310574e+02 7.771103e+02 -1.328371e+02 -1.580954e+03 -1.585609e+02 -7.106189e+01 1.801313e+02 4.346058e+02 
1.298334e-01 -1.849394e+03 -6.050662e+02 2.124658e+03 1.054183e+02 1.411350e+03 2.448410e+03 1.509993e+03 6.050697e+02 1.324632e+02 1.849499e+03 2.108935e+03 3.369180e+02 1.482024e+03 6.391751e+02 7.853924e+02 -1.324632e+02 -1.579039e+03 -1.594974e+02 -5.338679e+01 1.834607e+02 4.358893e+02 
1.311709e-01 -1.847392e+03 -6.045067e+02 2.164468e+03 1.075482e+02 1.420348e+03 2.469209e+03 1.523845e+03 6.045098e+02 1.320817e+02 1.862555e+03 2.131180e+03 3.381167e+02 1.495806e+03 6.468131e+02 7.940212e+02 -1.320805e+02 -1.576538e+03 -1.603641e+02 -3.388554e+01 1.865653e+02 4.373221e+02 
1.325084e-01 -1.844758e+03 -6.038817e+02 2.207071e+03 1.095858e+02 1.429226e+03 2.491023e+03 1.536928e+03 6.038814e+02 1.316908e+02 1.875723e+03 2.152134e+03 3.392180e+02 1.510057e+03 6.540582e+02 8.027316e+02 -1.316904e+02 -1.573442e+03 -1.611684e+02 -1.263883e+01 1.894223e+02 4.388892e+02 
1.338458e-01 -1.840306e+03 -6.031930e+02 2.259649e+03 1.114828e+02 1.437959e+03 2.516844e+03 1.549302e+03 6.031896e+02 1.312928e+02 1.889227e+03 2.171922e+03 3.402317e+02 1.525278e+03 6.609649e+02 8.117545e+02 -1.312936e+02 -1.568582e+03 -1.619139e+02 1.454553e+01 1.920165e+02 4.406046e+02 
1.351833e-01 -1.834068e+03 -6.024400e+02 2.322012e+03 1.132226e+02 1.446515e+03 2.546525e+03 1.560981e+03 6.024414e+02 1.308890e+02 1.903044e+03 2.191040e+03 3.411618e+02 1.541472e+03 6.675934e+02 8.210520e+02 -1.308901e+02 -1.561975e+03 -1.626022e+02 4.755362e+01 1.943240e+02 4.424539e+02 
1.365207e-01 -1.827067e+03 -6.016280e+02 2.387861e+03 1.147706e+02 1.454921e+03 2.577514e+03 1.572030e+03 6.016318e+02 1.304800e+02 1.917142e+03 2.208456e+03 3.420165e+02 1.558589e+03 6.740111e+02 8.306370e+02 -1.304791e+02 -1.554665e+03 -1.632493e+02 8.273799e+01 1.963662e+02 4.444726e+02 
1.378582e-01 -1.819339e+03 -6.007685e+02 2.457109e+03 1.161165e+02 1.463218e+03 2.609760e+03 1.582507e+03 6.007685e+02 1.300638e+02 1.931406e+03 2.225522e+03 3.428071e+02 1.576246e+03 6.802996e+02 8.403309e+02 -1.300635e+02 -1.546654e+03 -1.638582e+02 1.200584e+02 1.981441e+02 4.466615e+02 
1.391957e-01 -1.810667e+03 -5.998604e+02 2.531361e+03 1.172412e+02 1.471372e+03 2.643887e+03 1.592254e+03 5.998572e+02 1.296429e+02 1.945243e+03 2.241532e+03 3.435432e+02 1.593363e+03 6.862680e+02 8.495782e+02 -1.296428e+02 -1.537734e+03 -1.644363e+02 1.603717e+02 1.996524e+02 4.490165e+02 
1.405331e-01 -1.801120e+03 -5.988957e+02 2.609678e+03 1.181105e+02 1.479354e+03 2.679569e+03 1.601477e+03 5.988949e+02 1.292154e+02 1.958701e+03 2.256897e+03 3.442345e+02 1.610065e+03 6.921320e+02 8.584597e+02 -1.292159e+02 -1.527979e+03 -1.649888e+02 2.032822e+02 2.008806e+02 4.515234e+02 
1.418706e-01 -1.790780e+03 -5.978910e+02 2.691386e+03 1.187306e+02 1.487085e+03 2.716370e+03 1.610351e+03 5.978937e+02 1.287843e+02 1.972236e+03 2.272007e+03 3.448823e+02 1.627422e+03 6.980760e+02 8.674949e+02 -1.287843e+02 -1.517480e+03 -1.655307e+02 2.482970e+02 2.018685e+02 4.541139e+02 
1.432080e-01 -1.779676e+03 -5.968466e+02 2.776750e+03 1.190977e+02 1.494625e+03 2.754579e+03 1.618990e+03 5.968510e+02 1.283493e+02 1.985897e+03 2.287413e+03 3.454997e+02 1.645352e+03 7.041698e+02 8.767007e+02 -1.283486e+02 -1.506244e+03 -1.660586e+02 2.956360e+02 2.026302e+02 4.568329e+02 
1.445455e-01 -1.769328e+03 -5.957713e+02 2.855662e+03 1.192213e+02 1.502013e+03 2.789771e+03 1.627159e+03 5.957731e+02 1.279102e+02 1.998406e+03 2.301611e+03 3.460925e+02 1.661331e+03 7.101741e+02 8.847831e+02 -1.279094e+02 -1.495782e+03 -1.665872e+02 3.394251e+02 2.031772e+02 4.596714e+02 
1.458829e-01 -1.758581e+03 -5.946625e+02 2.935818e+03 1.191029e+02 1.509236e+03 2.825334e+03 1.635123e+03 5.946621e+02 1.274675e+02 2.010382e+03 2.316165e+03 3.466694e+02 1.676555e+03 7.163258e+02 8.923476e+02 -1.274662e+02 -1.484961e+03 -1.671124e+02 3.841049e+02 2.035295e+02 4.626091e+02 
1.472204e-01 -1.747098e+03 -5.935272e+02 3.019190e+03 1.187260e+02 1.516152e+03 2.862050e+03 1.643119e+03 5.935265e+02 1.270212e+02 2.022382e+03 2.331193e+03 3.472384e+02 1.692282e+03 7.228353e+02 9.001031e+02 -1.270211e+02 -1.473421e+03 -1.676442e+02 4.308297e+02 2.037111e+02 4.655437e+02 
1.485579e-01 -1.734866e+03 -5.923596e+02 3.106446e+03 1.181295e+02 1.522908e+03 2.900210e+03 1.651037e+03 5.923598e+02 1.265719e+02 2.033566e+03 2.347292e+03 3.478021e+02 1.706737e+03 7.295531e+02 9.071317e+02 -1.265720e+02 -1.461182e+03 -1.681930e+02 4.799210e+02 2.037584e+02 4.685513e+02 
1.498953e-01 -1.725726e+03 -5.911733e+02 3.170588e+03 1.173346e+02 1.529454e+03 2.928264e+03 1.659024e+03 5.911743e+02 1.261209e+02 2.043386e+03 2.361946e+03 3.483662e+02 1.718842e+03 7.364545e+02 9.129410e+02 -1.261207e+02 -1.452030e+03 -1.687543e+02 5.159732e+02 2.036844e+02 4.715849e+02 
1.512328e-01 -1.716051e+03 -5.899719e+02 3.236564e+03 1.163555e+02 1.535707e+03 2.956957e+03 1.667063e+03 5.899688e+02 1.256666e+02 2.053310e+03 2.378428e+03 3.489369e+02 1.731604e+03 7.439187e+02 9.190277e+02 -1.256671e+02 -1.442372e+03 -1.693376e+02 5.533083e+02 2.035372e+02 4.745477e+02 
1.525702e-01 -1.705767e+03 -5.887497e+02 3.306069e+03 1.151950e+02 1.541818e+03 2.986957e+03 1.675297e+03 5.887475e+02 1.252115e+02 2.061986e+03 2.395306e+03 3.495161e+02 1.742034e+03 7.516117e+02 9.239426e+02 -1.252112e+02 -1.432118e+03 -1.699355e+02 5.927476e+02 2.033287e+02 4.775278e+02 
1.539077e-01 -1.695521e+03 -5.875115e+02 3.373874e+03 1.139067e+02 1.547701e+03 3.016096e+03 1.683760e+03 5.875100e+02 1.247536e+02 2.069619e+03 2.412908e+03 3.501087e+02 1.750848e+03 7.596711e+02 9.280529e+02 -1.247536e+02 -1.421919e+03 -1.705547e+02 6.313796e+02 2.030961e+02 4.804430e+02 
1.552452e-01 -1.689188e+03 -5.862635e+02 3.411631e+03 1.125115e+02 1.553319e+03 3.032082e+03 1.692934e+03 5.862614e+02 1.242943e+02 2.077110e+03 2.431879e+03 3.507111e+02 1.759708e+03 7.684106e+02 9.321989e+02 -1.242948e+02 -1.415653e+03 -1.712031e+02 6.530859e+02 2.028558e+02 4.832415e+02 
1.565826e-01 -1.682392e+03 -5.850077e+02 3.451936e+03 1.110299e+02 1.558795e+03 3.049067e+03 1.702299e+03 5.850053e+02 1.238344e+02 2.082830e+03 2.451059e+03 3.513296e+02 1.765261e+03 7.771955e+02 9.347069e+02 -1.238348e+02 -1.408920e+03 -1.718683e+02 6.763128e+02 2.026660e+02 4.859701e+02 
1.579201e-01 -1.675106e+03 -5.837381e+02 3.494280e+03 1.095009e+02 1.563940e+03 3.066760e+03 1.711522e+03 5.837370e+02 1.233735e+02 2.088584e+03 2.471962e+03 3.520292e+02 1.771304e+03 7.866875e+02 9.375450e+02 -1.233725e+02 -1.401731e+03 -1.725641e+02 7.008734e+02 2.025319e+02 4.885074e+02 
1.592575e-01 -1.668792e+03 -5.824606e+02 3.528535e+03 1.079370e+02 1.568945e+03 3.080879e+03 1.721464e+03 5.824608e+02 1.229114e+02 2.092831e+03 2.492814e+03 3.526117e+02 1.774551e+03 7.963914e+02 9.390485e+02 -1.229098e+02 -1.395509e+03 -1.732763e+02 7.209186e+02 2.024720e+02 4.909590e+02 
1.605950e-01 -1.665720e+03 -5.811746e+02 3.537007e+03 1.063779e+02 1.573668e+03 3.083702e+03 1.731943e+03 5.811774e+02 1.224472e+02 2.096519e+03 2.515137e+03 3.532694e+02 1.777032e+03 8.066048e+02 9.402663e+02 -1.224465e+02 -1.392550e+03 -1.739992e+02 7.264812e+02 2.024984e+02 4.932139e+02 
1.619324e-01 -1.662335e+03 -5.798897e+02 3.547301e+03 1.048671e+02 1.578277e+03 3.087218e+03 1.742840e+03 5.798879e+02 1.219816e+02 2.099581e+03 2.538313e+03 3.539371e+02 1.778476e+03 8.171573e+02 9.410343e+02 -1.219834e+02 -1.389274e+03 -1.747424e+02 7.331463e+02 2.026639e+02 4.953014e+02 
1.632699e-01 -1.658634e+03 -5.785977e+02 3.559441e+03 1.034242e+02 1.582695e+03 3.091510e+03 1.754081e+03 5.785933e+02 1.215184e+02 2.101729e+03 2.562188e+03 3.546183e+02 1.778200e+03 8.279649e+02 9.410684e+02 -1.215190e+02 -1.385692e+03 -1.755066e+02 7.408742e+02 2.029795e+02 4.971988e+02 
1.646074e-01 -1.656319e+03 -5.773026e+02 3.560057e+03 1.020465e+02 1.586897e+03 3.090689e+03 1.765830e+03 5.772950e+02 1.210541e+02 2.103678e+03 2.587026e+03 3.553013e+02 1.777825e+03 8.391561e+02 9.411809e+02 -1.210553e+02 -1.383498e+03 -1.762708e+02 7.421598e+02 2.034270e+02 4.989124e+02 
1.659448e-01 -1.655942e+03 -5.759887e+02 3.544647e+03 1.007578e+02 1.590892e+03 3.082826e+03 1.777859e+03 5.759884e+02 1.205895e+02 2.104429e+03 2.612276e+03 3.559848e+02 1.775328e+03 8.504633e+02 9.403375e+02 -1.205899e+02 -1.383266e+03 -1.770376e+02 7.344706e+02 2.040082e+02 5.004117e+02 
1.672823e-01 -1.655357e+03 -5.746764e+02 3.530443e+03 9.960964e+01 1.594767e+03 3.075444e+03 1.790316e+03 5.746776e+02 1.201248e+02 2.105267e+03 2.639146e+03 3.566631e+02 1.773126e+03 8.620615e+02 9.397549e+02 -1.201248e+02 -1.382827e+03 -1.778118e+02 7.274991e+02 2.047737e+02 5.017158e+02 
1.686197e-01 -1.654569e+03 -5.733648e+02 3.517493e+03 9.860098e+01 1.598468e+03 3.068596e+03 1.802957e+03 5.733605e+02 1.196600e+02 2.105344e+03 2.664619e+03 3.573406e+02 1.769512e+03 8.736958e+02 9.385790e+02 -1.196600e+02 -1.382179e+03 -1.785923e+02 7.212647e+02 2.057274e+02 5.028066e+02 
1.699572e-01 -1.654948e+03 -5.720414e+02 3.494968e+03 9.772516e+01 1.602028e+03 3.057563e+03 1.815882e+03 5.720333e+02 1.191937e+02 2.105235e+03 2.691315e+03 3.580048e+02 1.765669e+03 8.854270e+02 9.374116e+02 -1.191956e+02 -1.382720e+03 -1.793632e+02 7.096575e+02 2.068234e+02 5.037229e+02 
1.712946e-01 -1.656100e+03 -5.707011e+02 3.465542e+03 9.700402e+01 1.605415e+03 3.043442e+03 1.829079e+03 5.707000e+02 1.187286e+02 2.105075e+03 2.718382e+03 3.586490e+02 1.761986e+03 8.972654e+02 9.364263e+02 -1.187297e+02 -1.384045e+03 -1.801079e+02 6.941617e+02 2.080370e+02 5.044217e+02 
1.726321e-01 -1.657113e+03 -5.693612e+02 3.437326e+03 9.646155e+01 1.608723e+03 3.029881e+03 1.842195e+03 5.693598e+02 1.182639e+02 2.104111e+03 2.745130e+03 3.592817e+02 1.756685e+03 9.088710e+02 9.347675e+02 -1.182643e+02 -1.385228e+03 -1.808539e+02 6.793301e+02 2.094574e+02 5.049731e+02 
1.739696e-01 -1.657970e+03 -5.680144e+02 3.409827e+03 9.609093e+01 1.611839e+03 3.016591e+03 1.855724e+03 5.680116e+02 1.177991e+02 2.104116e+03 2.773758e+03 3.598877e+02 1.751918e+03 9.207298e+02 9.342656e+02 -1.177991e+02 -1.386267e+03 -1.815872e+02 6.649430e+02 2.110343e+02 5.052998e+02 
1.753070e-01 -1.659257e+03 -5.666521e+02 3.378896e+03 9.586784e+01 1.614895e+03 3.001807e+03 1.868777e+03 5.666486e+02 1.173342e+02 2.102763e+03 2.798795e+03 3.604653e+02 1.747699e+03 9.319565e+02 9.325033e+02 -1.173338e+02 -1.387750e+03 -1.822941e+02 6.485889e+02 2.127040e+02 5.055078e+02 
1.766445e-01 -1.660591e+03 -5.652790e+02 3.346925e+03 9.580488e+01 1.617776e+03 2.986537e+03 1.882177e+03 5.652838e+02 1.168697e+02 2.102795e+03 2.825579e+03 3.610128e+02 1.744823e+03 9.433967e+02 9.323250e+02 -1.168695e+02 -1.389295e+03 -1.829711e+02 6.316816e+02 2.144794e+02 5.055373e+02 
1.779819e-01 -1.661808e+03 -5.638965e+02 3.316106e+03 9.591921e+01 1.620598e+03 2.971799e+03 1.895188e+03 5.638965e+02 1.164047e+02 2.101960e+03 2.851394e+03 3.615303e+02 1.740239e+03 9.543352e+02 9.313477e+02 -1.164050e+02 -1.390723e+03 -1.836274e+02 6.154066e+02 2.163931e+02 5.054318e+02 
1.793194e-01 -1.662885e+03 -5.625051e+02 3.286443e+03 9.617949e+01 1.623360e+03 2.957561e+03 1.908014e+03 5.625020e+02 1.159405e+02 2.101449e+03 2.876725e+03 3.620094e+02 1.717108e+03 9.650017e+02 9.308010e+02 -1.159411e+02 -1.392024e+03 -1.842568e+02 5.997201e+02 2.183779e+02 5.052339e+02 
1.806569e-01 -1.663233e+03 -5.610988e+02 3.262493e+03 9.657397e+01 1.625927e+03 2.945823e+03 1.920903e+03 5.610939e+02 1.154771e+02 2.102014e+03 2.902015e+03 3.624425e+02 1.734845e+03 9.756396e+02 9.314492e+02 -1.154781e+02 -1.392609e+03 -1.848509e+02 5.872961e+02 2.204310e+02 5.048966e+02 
1.819943e-01 -1.663344e+03 -5.596753e+02 3.240523e+03 9.707311e+01 1.628455e+03 2.934949e+03 1.932946e+03 5.596754e+02 1.150135e+02 2.101556e+03 2.925488e+03 3.628423e+02 1.731346e+03 9.857164e+02 9.311591e+02 -1.150136e+02 -1.392976e+03 -1.854141e+02 5.759397e+02 2.225226e+02 5.045136e+02 
1.833318e-01 -1.663304e+03 -5.582398e+02 3.219626e+03 9.769797e+01 1.630907e+03 2.924536e+03 1.944917e+03 5.582399e+02 1.145504e+02 2.102252e+03 2.948711e+03 3.631964e+02 1.730247e+03 9.950250e+02 9.320803e+02 -1.145504e+02 -1.393199e+03 -1.859375e+02 5.651961e+02 2.246251e+02 5.040549e+02 
1.846692e-01 -1.663016e+03 -5.567939e+02 3.200771e+03 9.841973e+01 1.633245e+03 2.915013e+03 1.956645e+03 5.567932e+02 1.140881e+02 2.103796e+03 2.971365e+03 3.635058e+02 1.730845e+03 1.004424e+03 9.338376e+02 -1.140884e+02 -1.393192e+03 -1.864304e+02 5.555728e+02 2.267541e+02 5.035370e+02 
1.860067e-01 -1.660982e+03 -5.553347e+02 3.197291e+03 9.921231e+01 1.635581e+03 2.912323e+03 1.967409e+03 5.553323e+02 1.136262e+02 2.104226e+03 2.992048e+03 3.637711e+02 1.729268e+03 1.012894e+03 9.345100e+02 -1.136262e+02 -1.391439e+03 -1.868890e+02 5.545254e+02 2.288730e+02 5.030030e+02 
1.873441e-01 -1.658725e+03 -5.538565e+02 3.195341e+03 1.000419e+02 1.637781e+03 2.910243e+03 1.978000e+03 5.538547e+02 1.131649e+02 2.106128e+03 3.012322e+03 3.639864e+02 1.730846e+03 1.021216e+03 9.367229e+02 -1.131648e+02 -1.389492e+03 -1.873103e+02 5.543333e+02 2.309386e+02 5.024552e+02 
1.886816e-01 -1.656248e+03 -5.523637e+02 3.194973e+03 1.008989e+02 1.639879e+03 2.908839e+03 1.988268e+03 5.523654e+02 1.127037e+02 2.108753e+03 3.031959e+03 3.641666e+02 1.733958e+03 1.029298e+03 9.396699e+02 -1.127030e+02 -1.387337e+03 -1.876927e+02 5.550427e+02 2.329480e+02 5.018991e+02 
1.900191e-01 -1.653194e+03 -5.508605e+02 3.199669e+03 1.017901e+02 1.641957e+03 2.909656e+03 1.997454e+03 5.508592e+02 1.122432e+02 2.110441e+03 3.049477e+03 3.642994e+02 1.735293e+03 1.036421e+03 9.416624e+02 -1.122432e+02 -1.384614e+03 -1.880427e+02 5.585937e+02 2.348908e+02 5.013942e+02 
1.913565e-01 -1.648460e+03 -5.493422e+02 3.219367e+03 1.026626e+02 1.643971e+03 2.917114e+03 2.006360e+03 5.493395e+02 1.117835e+02 2.113262e+03 3.066439e+03 3.643891e+02 1.738940e+03 1.043357e+03 9.447933e+02 -1.117837e+02 -1.380225e+03 -1.883632e+02 5.704914e+02 2.367450e+02 5.009152e+02 
1.926940e-01 -1.643464e+03 -5.478160e+02 3.240875e+03 1.035202e+02 1.645864e+03 2.925334e+03 2.014975e+03 5.478122e+02 1.113249e+02 2.117395e+03 3.082934e+03 3.644383e+02 1.745429e+03 1.050167e+03 9.492222e+02 -1.113253e+02 -1.375589e+03 -1.886519e+02 5.834219e+02 2.384956e+02 5.004529e+02 
1.940314e-01 -1.638197e+03 -5.462714e+02 3.264546e+03 1.043246e+02 1.647705e+03 2.934459e+03 2.022680e+03 5.462678e+02 1.108668e+02 2.107428e+03 3.097670e+03 3.644517e+02 1.749543e+03 1.056215e+03 9.523954e+02 -1.108671e+02 -1.370700e+03 -1.889069e+02 5.975913e+02 2.401235e+02 5.000773e+02 
1.953689e-01 -1.632271e+03 -5.447129e+02 3.294066e+03 1.050605e+02 1.649522e+03 2.946145e+03 2.029871e+03 5.447084e+02 1.104100e+02 2.123454e+03 3.111484e+03 3.644260e+02 1.754202e+03 1.061914e+03 9.557756e+02 -1.104094e+02 -1.365159e+03 -1.891334e+02 6.150380e+02 2.416239e+02 4.997810e+02 
1.967064e-01 -1.625351e+03 -5.431479e+02 3.332154e+03 1.057225e+02 1.651217e+03 2.961592e+03 2.036790e+03 5.431511e+02 1.099541e+02 2.127748e+03 3.124893e+03 3.643641e+02 1.761316e+03 1.067533e+03 9.602959e+02 -1.099532e+02 -1.358640e+03 -1.893368e+02 6.372794e+02 2.429918e+02 4.995389e+02 
1.980438e-01 -1.618137e+03 -5.415753e+02 3.372457e+03 1.063030e+02 1.652810e+03 2.977942e+03 2.043434e+03 5.415731e+02 1.094981e+02 2.132414e+03 3.137951e+03 3.642804e+02 1.769363e+03 1.073090e+03 9.651514e+02 -1.094979e+02 -1.351837e+03 -1.895232e+02 6.608004e+02 2.442324e+02 4.993711e+02 
1.993813e-01 -1.610626e+03 -5.399881e+02 3.415132e+03 1.067856e+02 1.654376e+03 2.995309e+03 2.049196e+03 5.399897e+02 1.090437e+02 2.136149e+03 3.149332e+03 3.641627e+02 1.775641e+03 1.077939e+03 9.690473e+02 -1.090434e+02 -1.344750e+03 -1.896845e+02 6.856906e+02 2.453152e+02 4.992976e+02 
2.007187e-01 -1.602818e+03 -5.383967e+02 3.460043e+03 1.071552e+02 1.655866e+03 3.013610e+03 2.054683e+03 5.383928e+02 1.085908e+02 2.139836e+03 3.160373e+03 3.640221e+02 1.781983e+03 1.082723e+03 9.728827e+02 -1.085906e+02 -1.337378e+03 -1.898263e+02 7.118675e+02 2.462557e+02 4.993149e+02 
2.020562e-01 -1.594715e+03 -5.367964e+02 3.507036e+03 1.074035e+02 1.657251e+03 3.032757e+03 2.060687e+03 5.367971e+02 1.081385e+02 2.144268e+03 3.171328e+03 3.638590e+02 1.789959e+03 1.087594e+03 9.774447e+02 -1.081384e+02 -1.329724e+03 -1.899580e+02 7.392648e+02 2.470561e+02 4.993960e+02 
2.033936e-01 -1.586307e+03 -5.351932e+02 3.556296e+03 1.075457e+02 1.658552e+03 3.052839e+03 2.065290e+03 5.351925e+02 1.076880e+02 2.149306e+03 3.182282e+03 3.636797e+02 1.799334e+03 1.092573e+03 9.826373e+02 -1.076875e+02 -1.321768e+03 -1.900779e+02 7.679944e+02 2.477246e+02 4.995525e+02 
2.047311e-01 -1.577600e+03 -5.335853e+02 3.608012e+03 1.075705e+02 1.659778e+03 3.073971e+03 2.070063e+03 5.335846e+02 1.072382e+02 2.153139e+03 3.192492e+03 3.634832e+02 1.806436e+03 1.097273e+03 9.865623e+02 -1.072384e+02 -1.313523e+03 -1.901857e+02 7.981134e+02 2.482569e+02 4.997927e+02 
2.060686e-01 -1.569289e+03 -5.319718e+02 3.655143e+03 1.074698e+02 1.660939e+03 3.092983e+03 2.074515e+03 5.319684e+02 1.067898e+02 2.156075e+03 3.202217e+03 3.632731e+02 1.811805e+03 1.101825e+03 9.895804e+02 -1.067901e+02 -1.305683e+03 -1.902871e+02 8.257703e+02 2.486645e+02 5.000994e+02 
2.074060e-01 -1.561034e+03 -5.303544e+02 3.701051e+03 1.072483e+02 1.662037e+03 3.111340e+03 2.079018e+03 5.303523e+02 1.063427e+02 2.159352e+03 3.212222e+03 3.630568e+02 1.818089e+03 1.106604e+03 9.929833e+02 -1.063429e+02 -1.297907e+03 -1.903810e+02 8.528233e+02 2.489552e+02 5.004847e+02 
2.087435e-01 -1.552492e+03 -5.287366e+02 3.749149e+03 1.069227e+02 1.663006e+03 3.130645e+03 2.083580e+03 5.287335e+02 1.058968e+02 2.162913e+03 3.222531e+03 3.628318e+02 1.825115e+03 1.112279e+03 9.966704e+02 -1.058973e+02 -1.289857e+03 -1.904734e+02 8.811436e+02 2.491377e+02 5.009002e+02 
2.100809e-01 -1.543675e+03 -5.271199e+02 3.799468e+03 1.064864e+02 1.663891e+03 3.150879e+03 2.088279e+03 5.271181e+02 1.054531e+02 2.166656e+03 3.233255e+03 3.626009e+02 1.832614e+03 1.116925e+03 1.000515e+03 -1.054535e+02 -1.281527e+03 -1.905694e+02 9.107435e+02 2.492369e+02 5.013532e+02 
2.114184e-01 -1.536108e+03 -5.255025e+02 3.836578e+03 1.059494e+02 1.664711e+03 3.165086e+03 2.092917e+03 5.255007e+02 1.050108e+02 2.169241e+03 3.244051e+03 3.623685e+02 1.837922e+03 1.122306e+03 1.003246e+03 -1.050109e+02 -1.274456e+03 -1.906634e+02 9.331166e+02 2.492510e+02 5.018361e+02 
2.127559e-01 -1.528615e+03 -5.238854e+02 3.872207e+03 1.053212e+02 1.665435e+03 3.178581e+03 2.097333e+03 5.238829e+02 1.045698e+02 2.170779e+03 3.254568e+03 3.621338e+02 1.841312e+03 1.127595e+03 1.004978e+03 -1.045699e+02 -1.267467e+03 -1.907588e+02 9.547908e+02 2.491942e+02 5.023636e+02 
2.140933e-01 -1.520874e+03 -5.222668e+02 3.910087e+03 1.046133e+02 1.666099e+03 3.193002e+03 2.102526e+03 5.222655e+02 1.041304e+02 2.172021e+03 3.265650e+03 3.619023e+02 1.844171e+03 1.133211e+03 1.006431e+03 -1.041302e+02 -1.260234e+03 -1.908546e+02 9.776917e+02 2.490792e+02 5.028925e+02 
2.154308e-01 -1.512897e+03 -5.206564e+02 3.950023e+03 1.038453e+02 1.666682e+03 3.208344e+03 2.106897e+03 5.206526e+02 1.036923e+02 2.173219e+03 3.277352e+03 3.616704e+02 1.847122e+03 1.139162e+03 1.007871e+03 -1.036926e+02 -1.252765e+03 -1.909588e+02 1.001796e+03 2.489402e+02 5.034333e+02 
2.167682e-01 -1.506982e+03 -5.190466e+02 3.967869e+03 1.030150e+02 1.667146e+03 3.213642e+03 2.112107e+03 5.190392e+02 1.032563e+02 2.174231e+03 3.290945e+03 3.614439e+02 1.849880e+03 1.145494e+03 1.009224e+03 -1.032565e+02 -1.247360e+03 -1.910697e+02 1.013846e+03 2.487691e+02 5.039407e+02 
2.181057e-01 -1.500920e+03 -5.174404e+02 3.986796e+03 1.021366e+02 1.667532e+03 3.219396e+03 2.117627e+03 5.174387e+02 1.028216e+02 2.175109e+03 3.302873e+03 3.612201e+02 1.852468e+03 1.152649e+03 1.010484e+03 -1.028220e+02 -1.241811e+03 -1.911831e+02 1.026518e+03 2.485866e+02 5.044300e+02 
2.194431e-01 -1.494662e+03 -5.158368e+02 4.007617e+03 1.012366e+02 1.667843e+03 3.225984e+03 2.123443e+03 5.158378e+02 1.023887e+02 2.175517e+03 3.316624e+03 3.610023e+02 1.854147e+03 1.159180e+03 1.011308e+03 -1.023892e+02 -1.236067e+03 -1.912990e+02 1.040230e+03 2.483864e+02 5.048839e+02 
2.207806e-01 -1.488521e+03 -5.142418e+02 4.027007e+03 1.003180e+02 1.668088e+03 3.231885e+03 2.129331e+03 5.142381e+02 1.019580e+02 2.174943e+03 3.330607e+03 3.607865e+02 1.854028e+03 1.166279e+03 1.011228e+03 -1.019583e+02 -1.230445e+03 -1.914251e+02 1.053202e+03 2.482258e+02 5.052984e+02 
2.221181e-01 -1.484280e+03 -5.126481e+02 4.025827e+03 9.939621e+01 1.668258e+03 3.228434e+03 2.135328e+03 5.126468e+02 1.015290e+02 2.173503e+03 3.344819e+03 3.605758e+02 1.852239e+03 1.173477e+03 1.010376e+03 -1.015287e+02 -1.226719e+03 -1.915578e+02 1.054942e+03 2.480876e+02 5.056670e+02 
2.234555e-01 -1.479880e+03 -5.110606e+02 4.025991e+03 9.848389e+01 1.668353e+03 3.225606e+03 2.141651e+03 5.110583e+02 1.011010e+02 2.171581e+03 3.359658e+03 3.603696e+02 1.849593e+03 1.180975e+03 1.009069e+03 -1.011013e+02 -1.222840e+03 -1.916917e+02 1.057431e+03 2.479789e+02 5.059882e+02 
2.247930e-01 -1.475337e+03 -5.094757e+02 4.027652e+03 9.758874e+01 1.668371e+03 3.223399e+03 2.148275e+03 5.094751e+02 1.006756e+02 2.169454e+03 3.375113e+03 3.601652e+02 1.846658e+03 1.188739e+03 1.007687e+03 -1.006758e+02 -1.218819e+03 -1.918235e+02 1.060771e+03 2.478987e+02 5.062393e+02 
2.261304e-01 -1.471204e+03 -5.079000e+02 4.024865e+03 9.673115e+01 1.668338e+03 3.219182e+03 2.155198e+03 5.078975e+02 1.002516e+02 2.167184e+03 3.391131e+03 3.599685e+02 1.843464e+03 1.196750e+03 1.006221e+03 -1.002522e+02 -1.215207e+03 -1.919688e+02 1.061681e+03 2.479026e+02 5.064020e+02 
2.274679e-01 -1.468340e+03 -5.063270e+02 4.008108e+03 9.591215e+01 1.668240e+03 3.208634e+03 2.162387e+03 5.063248e+02 9.982971e+01 2.164723e+03 3.407660e+03 3.597680e+02 1.839953e+03 1.204975e+03 1.004641e+03 -9.982988e+01 -1.212863e+03 -1.921168e+02 1.054967e+03 2.479684e+02 5.065031e+02 
2.288054e-01 -1.465356e+03 -5.047575e+02 3.992380e+03 9.513641e+01 1.668037e+03 3.198514e+03 2.169826e+03 5.047725e+02 9.940978e+01 2.162063e+03 3.424605e+03 3.595706e+02 1.836181e+03 1.213373e+03 1.002971e+03 -9.940958e+01 -1.210403e+03 -1.922606e+02 1.048823e+03 2.480842e+02 5.065096e+02 
2.301428e-01 -1.462271e+03 -5.031906e+02 3.977847e+03 9.442346e+01 1.667751e+03 3.188956e+03 2.177483e+03 5.031935e+02 9.899163e+01 2.159289e+03 3.441922e+03 3.593698e+02 1.832259e+03 1.221913e+03 1.001276e+03 -9.899122e+01 -1.207841e+03 -1.923979e+02 1.043329e+03 2.482550e+02 5.064247e+02 
2.314803e-01 -1.459626e+03 -5.016341e+02 3.958739e+03 9.379242e+01 1.667440e+03 3.177339e+03 2.185301e+03 5.016343e+02 9.857514e+01 2.156420e+03 3.459523e+03 3.591710e+02 1.828102e+03 1.230554e+03 9.994938e+02 -9.857508e+01 -1.205719e+03 -1.925441e+02 1.035303e+03 2.485291e+02 5.062566e+02 
2.328177e-01 -1.457571e+03 -5.000804e+02 3.932975e+03 9.321369e+01 1.667073e+03 3.162686e+03 2.193520e+03 5.000777e+02 9.816028e+01 2.153430e+03 3.477842e+03 3.589662e+02 1.823789e+03 1.239264e+03 9.977196e+02 -9.816036e+01 -1.204186e+03 -1.926896e+02 1.023660e+03 2.488788e+02 5.060027e+02 
2.341552e-01 -1.455424e+03 -4.985242e+02 3.908134e+03 9.271014e+01 1.666625e+03 3.148448e+03 2.201309e+03 4.985252e+02 9.774714e+01 2.150141e+03 3.495215e+03 3.587599e+02 1.818990e+03 1.247966e+03 9.957373e+02 -9.774713e+01 -1.202569e+03 -1.928240e+02 1.012549e+03 2.492771e+02 5.056718e+02 
2.354926e-01 -1.453197e+03 -4.969767e+02 3.884486e+03 9.228134e+01 1.666130e+03 3.134791e+03 2.209351e+03 4.969768e+02 9.733593e+01 2.146335e+03 3.513017e+03 3.585420e+02 1.813119e+03 1.256592e+03 9.932666e+02 -9.733664e+01 -1.200870e+03 -1.929504e+02 1.002024e+03 2.497402e+02 5.052531e+02 
2.368301e-01 -1.451158e+03 -4.954343e+02 3.859004e+03 9.193955e+01 1.665613e+03 3.120312e+03 2.217352e+03 4.954333e+02 9.692762e+01 2.142781e+03 3.530634e+03 3.583220e+02 1.807756e+03 1.265086e+03 9.910949e+02 -9.692755e+01 -1.199358e+03 -1.930779e+02 9.904873e+02 2.503018e+02 5.047517e+02 
2.381676e-01 -1.449219e+03 -4.938922e+02 3.832430e+03 9.167084e+01 1.665018e+03 3.105337e+03 2.225265e+03 4.938906e+02 9.652012e+01 2.139423e+03 3.548004e+03 3.580949e+02 1.802908e+03 1.273421e+03 9.892217e+02 -9.652030e+01 -1.197947e+03 -1.931995e+02 9.783617e+02 2.509157e+02 5.041845e+02 
2.395050e-01 -1.447203e+03 -4.923497e+02 3.806780e+03 9.146840e+01 1.664379e+03 3.090803e+03 2.233096e+03 4.923512e+02 9.611478e+01 2.135907e+03 3.565094e+03 3.578509e+02 1.797796e+03 1.281584e+03 9.872804e+02 -9.611458e+01 -1.196465e+03 -1.933038e+02 9.667316e+02 2.515628e+02 5.035503e+02 
2.408425e-01 -1.445111e+03 -4.908114e+02 3.782328e+03 9.133930e+01 1.663698e+03 3.076850e+03 2.240809e+03 4.908130e+02 9.571131e+01 2.132290e+03 3.581869e+03 3.575989e+02 1.792465e+03 1.289586e+03 9.852242e+02 -9.571118e+01 -1.194909e+03 -1.934006e+02 9.557003e+02 2.522661e+02 5.028454e+02 
2.421799e-01 -1.442787e+03 -4.892796e+02 3.760913e+03 9.127915e+01 1.662996e+03 3.064286e+03 2.248371e+03 4.892788e+02 9.530982e+01 2.128900e+03 3.598272e+03 3.573331e+02 1.787568e+03 1.297383e+03 9.834206e+02 -9.530977e+01 -1.193121e+03 -1.934919e+02 9.463042e+02 2.530343e+02 5.020884e+02 
2.435174e-01 -1.440321e+03 -4.877454e+02 3.741102e+03 9.127874e+01 1.662225e+03 3.052449e+03 2.255780e+03 4.877443e+02 9.490997e+01 2.125687e+03 3.614292e+03 3.570561e+02 1.783153e+03 1.304986e+03 9.818937e+02 -9.490985e+01 -1.191192e+03 -1.935694e+02 9.378056e+02 2.538189e+02 5.012822e+02 
2.448548e-01 -1.437771e+03 -4.862121e+02 3.722423e+03 9.132583e+01 1.661397e+03 3.041146e+03 2.262965e+03 4.862129e+02 9.451159e+01 2.122674e+03 3.629854e+03 3.567661e+02 1.779146e+03 1.312355e+03 9.805959e+02 -9.451176e+01 -1.189187e+03 -1.936304e+02 9.298720e+02 2.546191e+02 5.004342e+02 
2.461923e-01 -1.435138e+03 -4.846824e+02 3.704929e+03 9.142684e+01 1.660545e+03 3.030393e+03 2.270453e+03 4.846817e+02 9.411529e+01 2.119906e+03 3.644883e+03 3.564627e+02 1.775700e+03 1.319459e+03 9.795687e+02 -9.411566e+01 -1.187097e+03 -1.936816e+02 9.225799e+02 2.554391e+02 4.995415e+02 
2.475298e-01 -1.431866e+03 -4.831544e+02 3.695344e+03 9.156753e+01 1.659659e+03 3.023278e+03 2.276621e+03 4.831512e+02 9.372115e+01 2.117443e+03 3.659343e+03 3.561410e+02 1.772813e+03 1.327309e+03 9.788470e+02 -9.372147e+01 -1.184369e+03 -1.937243e+02 9.195565e+02 2.562791e+02 4.986389e+02 
2.488672e-01 -1.428431e+03 -4.816236e+02 3.687737e+03 9.172867e+01 1.658735e+03 3.017075e+03 2.283048e+03 4.816228e+02 9.332855e+01 2.115214e+03 3.673225e+03 3.558075e+02 1.770497e+03 1.333411e+03 9.783848e+02 -9.332864e+01 -1.181484e+03 -1.937513e+02 9.176208e+02 2.571088e+02 4.977090e+02 
2.502047e-01 -1.424892e+03 -4.800952e+02 3.681365e+03 9.191224e+01 1.657756e+03 3.011420e+03 2.289186e+03 4.800960e+02 9.293794e+01 2.113260e+03 3.686527e+03 3.554582e+02 1.768814e+03 1.339127e+03 9.782213e+02 -9.293765e+01 -1.178502e+03 -1.937625e+02 9.163350e+02 2.579204e+02 4.967714e+02 
2.515421e-01 -1.421225e+03 -4.785676e+02 3.676682e+03 9.211810e+01 1.656752e+03 3.006539e+03 2.295026e+03 4.785691e+02 9.254908e+01 2.111587e+03 3.699220e+03 3.550938e+02 1.767704e+03 1.345137e+03 9.783541e+02 -9.254871e+01 -1.175389e+03 -1.937633e+02 9.159557e+02 2.587189e+02 4.958309e+02 
2.528796e-01 -1.416810e+03 -4.770443e+02 3.681301e+03 9.232280e+01 1.655717e+03 3.005948e+03 2.300568e+03 4.770444e+02 9.216198e+01 2.110196e+03 3.711306e+03 3.547418e+02 1.767156e+03 1.350883e+03 9.786181e+02 -9.216186e+01 -1.171531e+03 -1.937515e+02 9.206115e+02 2.594867e+02 4.948919e+02 
2.542171e-01 -1.412278e+03 -4.755183e+02 3.687413e+03 9.252866e+01 1.654651e+03 3.006052e+03 2.305787e+03 4.755186e+02 9.177646e+01 2.109094e+03 3.722777e+03 3.543221e+02 1.767228e+03 1.356365e+03 9.794174e+02 -9.177645e+01 -1.167561e+03 -1.937253e+02 9.260703e+02 2.602203e+02 4.939674e+02 
2.555545e-01 -1.407632e+03 -4.739970e+02 3.694825e+03 9.271661e+01 1.653549e+03 3.006716e+03 2.310743e+03 4.739970e+02 9.139306e+01 2.108258e+03 3.733731e+03 3.539162e+02 1.767903e+03 1.361609e+03 9.803701e+02 -9.139299e+01 -1.163479e+03 -1.936907e+02 9.322572e+02 2.609157e+02 4.930561e+02 
2.568920e-01 -1.402778e+03 -4.724742e+02 3.704700e+03 9.288423e+01 1.652392e+03 3.008513e+03 2.315586e+03 4.724771e+02 9.101157e+01 2.106988e+03 3.744111e+03 3.534988e+02 1.767845e+03 1.366618e+03 9.809158e+02 -9.101117e+01 -1.159193e+03 -1.936448e+02 9.397827e+02 2.615596e+02 4.921643e+02 
2.582294e-01 -1.397474e+03 -4.709534e+02 3.720348e+03 9.302926e+01 1.651231e+03 3.012950e+03 2.319725e+03 4.709535e+02 9.063166e+01 2.106060e+03 3.753906e+03 3.530658e+02 1.768416e+03 1.371382e+03 9.817259e+02 -9.063132e+01 -1.154458e+03 -1.935858e+02 9.504113e+02 2.621492e+02 4.913074e+02 
2.595669e-01 -1.392043e+03 -4.694350e+02 3.737505e+03 9.314461e+01 1.650030e+03 3.018063e+03 2.323739e+03 4.694364e+02 9.025351e+01 2.105476e+03 3.763131e+03 3.526231e+02 1.769712e+03 1.375905e+03 9.828877e+02 -9.025336e+01 -1.149600e+03 -1.935173e+02 9.618678e+02 2.626857e+02 4.904814e+02 
2.609043e-01 -1.386483e+03 -4.679201e+02 3.756129e+03 9.322053e+01 1.648810e+03 3.023848e+03 2.327429e+03 4.679197e+02 8.987719e+01 2.105234e+03 3.771746e+03 3.521696e+02 1.771794e+03 1.380185e+03 9.843958e+02 -8.987738e+01 -1.144615e+03 -1.934406e+02 9.741308e+02 2.631618e+02 4.896888e+02 
2.622418e-01 -1.380806e+03 -4.664070e+02 3.776227e+03 9.326174e+01 1.647564e+03 3.030306e+03 2.330862e+03 4.664044e+02 8.950284e+01 2.104209e+03 3.779920e+03 3.517047e+02 1.772294e+03 1.384291e+03 9.850799e+02 -8.950297e+01 -1.139515e+03 -1.933581e+02 9.872183e+02 2.635830e+02 4.889264e+02 
2.635793e-01 -1.375009e+03 -4.648940e+02 3.797706e+03 9.325372e+01 1.646259e+03 3.037362e+03 2.334111e+03 4.648960e+02 8.913043e+01 2.103260e+03 3.787776e+03 3.512341e+02 1.773023e+03 1.388292e+03 9.858135e+02 -8.913020e+01 -1.134299e+03 -1.932658e+02 1.001035e+03 2.639344e+02 4.881993e+02 
2.649167e-01 -1.369079e+03 -4.633840e+02 3.820726e+03 9.319871e+01 1.644953e+03 3.045098e+03 2.337213e+03 4.633875e+02 8.875974e+01 2.102369e+03 3.795399e+03 3.507433e+02 1.773993e+03 1.392221e+03 9.866387e+02 -8.875946e+01 -1.128949e+03 -1.931653e+02 1.015720e+03 2.642212e+02 4.875160e+02 
2.662542e-01 -1.363020e+03 -4.618787e+02 3.845261e+03 9.309730e+01 1.643607e+03 3.053585e+03 2.340215e+03 4.618834e+02 8.839036e+01 2.101513e+03 3.802904e+03 3.502695e+02 1.775082e+03 1.396126e+03 9.874681e+02 -8.839050e+01 -1.123473e+03 -1.930628e+02 1.031281e+03 2.644560e+02 4.868673e+02 
2.675916e-01 -1.357075e+03 -4.603785e+02 3.868302e+03 9.294591e+01 1.642238e+03 3.061304e+03 2.343101e+03 4.603781e+02 8.802334e+01 2.100740e+03 3.810290e+03 3.497777e+02 1.776284e+03 1.400032e+03 9.883405e+02 -8.802336e+01 -1.118111e+03 -1.929568e+02 1.046033e+03 2.646318e+02 4.862503e+02 
2.689291e-01 -1.351227e+03 -4.588789e+02 3.889817e+03 9.274156e+01 1.640828e+03 3.068294e+03 2.345954e+03 4.588776e+02 8.765762e+01 2.100013e+03 3.817642e+03 3.492820e+02 1.762918e+03 1.403970e+03 9.892714e+02 -8.765792e+01 -1.112846e+03 -1.928436e+02 1.059951e+03 2.647500e+02 4.856667e+02 
2.702666e-01 -1.345248e+03 -4.573821e+02 3.912858e+03 9.249007e+01 1.639368e+03 3.075973e+03 2.348789e+03 4.573830e+02 8.729421e+01 2.099361e+03 3.825048e+03 3.487823e+02 1.779300e+03 1.407972e+03 9.902361e+02 -8.729406e+01 -1.107456e+03 -1.927271e+02 1.074711e+03 2.648074e+02 4.851111e+02 
2.716040e-01 -1.339152e+03 -4.558925e+02 3.937333e+03 9.219547e+01 1.637888e+03 3.084330e+03 2.351656e+03 4.558923e+02 8.693280e+01 2.098771e+03 3.832579e+03 3.482780e+02 1.781082e+03 1.412061e+03 9.912970e+02 -8.693267e+01 -1.101944e+03 -1.926101e+02 1.090287e+03 2.648261e+02 4.845738e+02 
2.729415e-01 -1.333488e+03 -4.544094e+02 3.956090e+03 9.185933e+01 1.636383e+03 3.089987e+03 2.354589e+03 4.544066e+02 8.657283e+01 2.098262e+03 3.840295e+03 3.477766e+02 1.783079e+03 1.416288e+03 9.924265e+02 -8.657289e+01 -1.096866e+03 -1.924927e+02 1.102742e+03 2.648007e+02 4.840576e+02 
2.742789e-01 -1.327977e+03 -4.529285e+02 3.972458e+03 9.148044e+01 1.634845e+03 3.094549e+03 2.357630e+03 4.529282e+02 8.621496e+01 2.097868e+03 3.848261e+03 3.472697e+02 1.785370e+03 1.420651e+03 9.936829e+02 -8.621506e+01 -1.091944e+03 -1.923729e+02 1.113994e+03 2.647348e+02 4.835710e+02 
2.756164e-01 -1.322357e+03 -4.514512e+02 3.990262e+03 9.106142e+01 1.633285e+03 3.099718e+03 2.360767e+03 4.514548e+02 8.585870e+01 2.096839e+03 3.856486e+03 3.467669e+02 1.786444e+03 1.425172e+03 9.943054e+02 -8.585841e+01 -1.086910e+03 -1.922507e+02 1.126012e+03 2.646309e+02 4.831079e+02 
2.769538e-01 -1.316627e+03 -4.499818e+02 4.009697e+03 9.061530e+01 1.631697e+03 3.105648e+03 2.364357e+03 4.499804e+02 8.550442e+01 2.095368e+03 3.865681e+03 3.462584e+02 1.786661e+03 1.429538e+03 9.944665e+02 -8.550409e+01 -1.081768e+03 -1.921293e+02 1.138871e+03 2.645013e+02 4.826481e+02 
2.782913e-01 -1.311654e+03 -4.485174e+02 4.018663e+03 9.013947e+01 1.630111e+03 3.106773e+03 2.366488e+03 4.485190e+02 8.515179e+01 2.093041e+03 3.872013e+03 3.457526e+02 1.785174e+03 1.433818e+03 9.937693e+02 -8.515145e+01 -1.077381e+03 -1.920102e+02 1.146177e+03 2.643521e+02 4.822108e+02 
2.796288e-01 -1.306774e+03 -4.470590e+02 4.026314e+03 8.964487e+01 1.628493e+03 3.107272e+03 2.369418e+03 4.470592e+02 8.480090e+01 2.090180e+03 3.880004e+03 3.452447e+02 1.782676e+03 1.438806e+03 9.925784e+02 -8.480079e+01 -1.073083e+03 -1.918900e+02 1.152775e+03 2.641856e+02 4.817738e+02 
2.809662e-01 -1.301796e+03 -4.456055e+02 4.035468e+03 8.913122e+01 1.626858e+03 3.108416e+03 2.373399e+03 4.456012e+02 8.445144e+01 2.087448e+03 3.888462e+03 3.447380e+02 1.780396e+03 1.442988e+03 9.914774e+02 -8.445184e+01 -1.068691e+03 -1.917719e+02 1.160132e+03 2.640049e+02 4.813343e+02 
2.823037e-01 -1.296720e+03 -4.441567e+02 4.045749e+03 8.860171e+01 1.625156e+03 3.110100e+03 2.375963e+03 4.441577e+02 8.410452e+01 2.084848e+03 3.897366e+03 3.442439e+02 1.778545e+03 1.447900e+03 9.905789e+02 -8.410457e+01 -1.064198e+03 -1.916517e+02 1.168158e+03 2.638173e+02 4.808677e+02 
2.836411e-01 -1.292616e+03 -4.427150e+02 4.042381e+03 8.806679e+01 1.623426e+03 3.105447e+03 2.379604e+03 4.427191e+02 8.375899e+01 2.082442e+03 3.906778e+03 3.437457e+02 1.777132e+03 1.453070e+03 9.899169e+02 -8.375932e+01 -1.060678e+03 -1.915338e+02 1.168879e+03 2.636332e+02 4.803957e+02 
2.849786e-01 -1.288465e+03 -4.412795e+02 4.039859e+03 8.754079e+01 1.621672e+03 3.101207e+03 2.383465e+03 4.412807e+02 8.341587e+01 2.080355e+03 3.916665e+03 3.432458e+02 1.776319e+03 1.458499e+03 9.895448e+02 -8.341574e+01 -1.057110e+03 -1.914194e+02 1.170044e+03 2.634602e+02 4.799092e+02 
2.863161e-01 -1.284243e+03 -4.398504e+02 4.038605e+03 8.700751e+01 1.619910e+03 3.097503e+03 2.388570e+03 4.398506e+02 8.307424e+01 2.078660e+03 3.927118e+03 3.427475e+02 1.776325e+03 1.464195e+03 9.896007e+02 -8.307390e+01 -1.053467e+03 -1.913059e+02 1.171872e+03 2.633009e+02 4.793982e+02 
2.876535e-01 -1.280062e+03 -4.384258e+02 4.036802e+03 8.648773e+01 1.618115e+03 3.093568e+03 2.391634e+03 4.384260e+02 8.273405e+01 2.075106e+03 3.937978e+03 3.422525e+02 1.772661e+03 1.469731e+03 9.878396e+02 -8.273392e+01 -1.049868e+03 -1.911884e+02 1.173412e+03 2.631405e+02 4.788850e+02 
2.889910e-01 -1.276626e+03 -4.370065e+02 4.024560e+03 8.597756e+01 1.616303e+03 3.084810e+03 2.395641e+03 4.370062e+02 8.239541e+01 2.070779e+03 3.946870e+03 3.417605e+02 1.767437e+03 1.474955e+03 9.852999e+02 -8.239565e+01 -1.047008e+03 -1.910717e+02 1.169365e+03 2.630000e+02 4.783466e+02 
2.903284e-01 -1.273128e+03 -4.355950e+02 4.013433e+03 8.549052e+01 1.614505e+03 3.076584e+03 2.399288e+03 4.355934e+02 8.205898e+01 2.066191e+03 3.956876e+03 3.412662e+02 1.761648e+03 1.480393e+03 9.824976e+02 -8.205909e+01 -1.044089e+03 -1.909584e+02 1.165896e+03 2.628878e+02 4.777851e+02 
2.916659e-01 -1.269575e+03 -4.341912e+02 4.003328e+03 8.502558e+01 1.612658e+03 3.068830e+03 2.403496e+03 4.341890e+02 8.172463e+01 2.062093e+03 3.967383e+03 3.407726e+02 1.756908e+03 1.486062e+03 9.802326e+02 -8.172461e+01 -1.041110e+03 -1.908474e+02 1.162975e+03 2.628085e+02 4.771823e+02 
2.930033e-01 -1.266140e+03 -4.327903e+02 3.991464e+03 8.458157e+01 1.610739e+03 3.060260e+03 2.407939e+03 4.327909e+02 8.139213e+01 2.058549e+03 3.978319e+03 3.402824e+02 1.753374e+03 1.491936e+03 9.785905e+02 -8.139176e+01 -1.038251e+03 -1.907308e+02 1.159111e+03 2.627407e+02 4.765295e+02 
2.943408e-01 -1.263101e+03 -4.313933e+02 3.973969e+03 8.416177e+01 1.608815e+03 3.049063e+03 2.412647e+03 4.313960e+02 8.106068e+01 2.055712e+03 3.989766e+03 3.397881e+02 1.751224e+03 1.498035e+03 9.776704e+02 -8.106045e+01 -1.035790e+03 -1.906112e+02 1.152220e+03 2.626964e+02 4.758585e+02 
2.956783e-01 -1.260020e+03 -4.300034e+02 3.957476e+03 8.377187e+01 1.606878e+03 3.038362e+03 2.417531e+03 4.300053e+02 8.073109e+01 2.052384e+03 4.001535e+03 3.392942e+02 1.748145e+03 1.504280e+03 9.762877e+02 -8.073079e+01 -1.033281e+03 -1.904952e+02 1.145855e+03 2.626853e+02 4.751591e+02 
2.970157e-01 -1.256894e+03 -4.286224e+02 3.942088e+03 8.341817e+01 1.604948e+03 3.028198e+03 2.421762e+03 4.286211e+02 8.040330e+01 2.048256e+03 4.011957e+03 3.387994e+02 1.743372e+03 1.509850e+03 9.740784e+02 -8.040337e+01 -1.030725e+03 -1.903796e+02 1.140065e+03 2.627140e+02 4.744239e+02 
2.983532e-01 -1.253853e+03 -4.272445e+02 3.925684e+03 8.309176e+01 1.602997e+03 3.017573e+03 2.425938e+03 4.272422e+02 8.007751e+01 2.042702e+03 4.022228e+03 3.383043e+02 1.735793e+03 1.515323e+03 9.704705e+02 -8.007742e+01 -1.028253e+03 -1.902574e+02 1.133714e+03 2.627604e+02 4.736661e+02 
2.996906e-01 -1.250935e+03 -4.258694e+02 3.907562e+03 8.279514e+01 1.601014e+03 3.006142e+03 2.430327e+03 4.258690e+02 7.975354e+01 2.037967e+03 4.032876e+03 3.378068e+02 1.729890e+03 1.520969e+03 9.677594e+02 -7.975303e+01 -1.025906e+03 -1.901315e+02 1.126441e+03 2.628262e+02 4.728782e+02 
3.010281e-01 -1.247971e+03 -4.244994e+02 3.890210e+03 8.252788e+01 1.598975e+03 2.995085e+03 2.434915e+03 4.245004e+02 7.943048e+01 2.034247e+03 4.043885e+03 3.373076e+02 1.726116e+03 1.526785e+03 9.661093e+02 -7.943026e+01 -1.023511e+03 -1.900048e+02 1.119584e+03 2.629179e+02 4.720416e+02 
3.023656e-01 -1.244968e+03 -4.231387e+02 3.873882e+03 8.229695e+01 1.596926e+03 2.984536e+03 2.439703e+03 4.231388e+02 7.911035e+01 2.031667e+03 4.055277e+03 3.368075e+02 1.724550e+03 1.532775e+03 9.655710e+02 -7.910964e+01 -1.021076e+03 -1.898786e+02 1.113236e+03 2.630479e+02 4.711707e+02 
3.037030e-01 -1.241948e+03 -4.217818e+02 3.858172e+03 8.209454e+01 1.594885e+03 2.974285e+03 2.444437e+03 4.217812e+02 7.879133e+01 2.028123e+03 4.066483e+03 3.363014e+02 1.721043e+03 1.538672e+03 9.641037e+02 -7.879068e+01 -1.018623e+03 -1.897460e+02 1.107210e+03 2.631893e+02 4.702830e+02 
3.050405e-01 -1.238895e+03 -4.204268e+02 3.843152e+03 8.191502e+01 1.592825e+03 2.964363e+03 2.448238e+03 4.204224e+02 7.847320e+01 2.023311e+03 4.075815e+03 3.357924e+02 1.715038e+03 1.544063e+03 9.613826e+02 -7.847307e+01 -1.016138e+03 -1.896082e+02 1.101543e+03 2.633431e+02 4.693846e+02 
3.063779e-01 -1.235794e+03 -4.190755e+02 3.829093e+03 8.175901e+01 1.590760e+03 2.954895e+03 2.452122e+03 4.190762e+02 7.815717e+01 2.018205e+03 4.085280e+03 3.352795e+02 1.708465e+03 1.548615e+03 9.583611e+02 -7.815697e+01 -1.013605e+03 -1.894655e+02 1.096385e+03 2.635046e+02 4.684711e+02 
3.077154e-01 -1.232651e+03 -4.177311e+02 3.815863e+03 8.162461e+01 1.588642e+03 2.945839e+03 2.456221e+03 4.177326e+02 7.784296e+01 2.014420e+03 4.095154e+03 3.347620e+02 1.704528e+03 1.553824e+03 9.566685e+02 -7.784279e+01 -1.011028e+03 -1.893226e+02 1.091642e+03 2.636947e+02 4.675134e+02 
3.090528e-01 -1.229378e+03 -4.163934e+02 3.804989e+03 8.151822e+01 1.586510e+03 2.937903e+03 2.460995e+03 4.163867e+02 7.753023e+01 2.012146e+03 4.105345e+03 3.342404e+02 1.703582e+03 1.559197e+03 9.564927e+02 -7.753058e+01 -1.008319e+03 -1.891750e+02 1.088145e+03 2.638915e+02 4.665367e+02 
3.103903e-01 -1.226020e+03 -4.150570e+02 3.795540e+03 8.142150e+01 1.584366e+03 2.930629e+03 2.464787e+03 4.150552e+02 7.721961e+01 2.009463e+03 4.115537e+03 3.337187e+02 1.701923e+03 1.564575e+03 9.559659e+02 -7.721970e+01 -1.005526e+03 -1.890205e+02 1.085419e+03 2.640828e+02 4.655590e+02 
3.117278e-01 -1.222608e+03 -4.137235e+02 3.787165e+03 8.133609e+01 1.582227e+03 2.923845e+03 2.467939e+03 4.137248e+02 7.691030e+01 2.005245e+03 4.123432e+03 3.331922e+02 1.697183e+03 1.568777e+03 9.539089e+02 -7.691022e+01 -1.002680e+03 -1.888605e+02 1.083240e+03 2.642713e+02 4.645900e+02 
3.130652e-01 -1.219151e+03 -4.123961e+02 3.779835e+03 8.126330e+01 1.580092e+03 2.917605e+03 2.471108e+03 4.123972e+02 7.660276e+01 2.000505e+03 4.131389e+03 3.326773e+02 1.691372e+03 1.573450e+03 9.513135e+02 -7.660259e+01 -9.997874e+02 -1.886989e+02 1.081633e+03 2.644653e+02 4.636123e+02 
3.144027e-01 -1.215488e+03 -4.110754e+02 3.775839e+03 8.120357e+01 1.577889e+03 2.912888e+03 2.474510e+03 4.110748e+02 7.629754e+01 1.997441e+03 4.139785e+03 3.321194e+02 1.688953e+03 1.577541e+03 9.503925e+02 -7.629689e+01 -9.966870e+02 -1.885333e+02 1.081759e+03 2.646563e+02 4.626014e+02 
3.157401e-01 -1.211750e+03 -4.097565e+02 3.773163e+03 8.114216e+01 1.575678e+03 2.908818e+03 2.478117e+03 4.097553e+02 7.599276e+01 1.996234e+03 4.148582e+03 3.315773e+02 1.690224e+03 1.582253e+03 9.513025e+02 -7.599256e+01 -9.935103e+02 -1.883612e+02 1.082575e+03 2.648310e+02 4.615996e+02 
3.170776e-01 -1.207952e+03 -4.084405e+02 3.771575e+03 8.108025e+01 1.573469e+03 2.905255e+03 2.481459e+03 4.084407e+02 7.569025e+01 1.994005e+03 4.156845e+03 3.310317e+02 1.689521e+03 1.586690e+03 9.512323e+02 -7.568971e+01 -9.902784e+02 -1.881842e+02 1.083978e+03 2.649930e+02 4.606120e+02 
3.184151e-01 -1.204094e+03 -4.071295e+02 3.771234e+03 8.101426e+01 1.571275e+03 2.902304e+03 2.483724e+03 4.071306e+02 7.538850e+01 1.989191e+03 4.164855e+03 3.304840e+02 1.683629e+03 1.590073e+03 9.485394e+02 -7.538843e+01 -9.869837e+02 -1.880035e+02 1.086056e+03 2.651429e+02 4.596397e+02 
3.197525e-01 -1.200066e+03 -4.058240e+02 3.773815e+03 8.094556e+01 1.569058e+03 2.900705e+03 2.486247e+03 4.058232e+02 7.508887e+01 1.985576e+03 4.169588e+03 3.299285e+02 1.680112e+03 1.593746e+03 9.470326e+02 -7.508893e+01 -9.835165e+02 -1.878207e+02 1.089671e+03 2.652759e+02 4.586638e+02 
3.210900e-01 -1.195978e+03 -4.045230e+02 3.777324e+03 8.087039e+01 1.566794e+03 2.899536e+03 2.489064e+03 4.045234e+02 7.479084e+01 1.983963e+03 4.176832e+03 3.293739e+02 1.680660e+03 1.597742e+03 9.475445e+02 -7.479105e+01 -9.799892e+02 -1.876322e+02 1.093770e+03 2.653869e+02 4.576878e+02 
3.224274e-01 -1.191830e+03 -4.032249e+02 3.781952e+03 8.078018e+01 1.564529e+03 2.898899e+03 2.492154e+03 4.032252e+02 7.449456e+01 1.982951e+03 4.184609e+03 3.288127e+02 1.682461e+03 1.602012e+03 9.486735e+02 -7.449452e+01 -9.764030e+02 -1.874397e+02 1.098480e+03 2.654763e+02 4.567317e+02 
3.237649e-01 -1.187626e+03 -4.019308e+02 3.787647e+03 8.067655e+01 1.562279e+03 2.898781e+03 2.493937e+03 4.019314e+02 7.419936e+01 1.979479e+03 4.189807e+03 3.282506e+02 1.679310e+03 1.605000e+03 9.473198e+02 -7.419946e+01 -9.727599e+02 -1.872442e+02 1.103745e+03 2.655438e+02 4.557991e+02 
3.251023e-01 -1.183384e+03 -4.006417e+02 3.794183e+03 8.055707e+01 1.560044e+03 2.899045e+03 2.495772e+03 4.006420e+02 7.390611e+01 1.975388e+03 4.195117e+03 3.276840e+02 1.674895e+03 1.608082e+03 9.453038e+02 -7.390609e+01 -9.690791e+02 -1.870462e+02 1.109445e+03 2.655860e+02 4.548897e+02 
3.264398e-01 -1.179085e+03 -3.993577e+02 3.801566e+03 8.042483e+01 1.557734e+03 2.899695e+03 2.498007e+03 3.993717e+02 7.361458e+01 1.973553e+03 4.201284e+03 3.271147e+02 1.675068e+03 1.611612e+03 9.455350e+02 -7.361439e+01 -9.653390e+02 -1.868448e+02 1.115595e+03 2.656066e+02 4.539536e+02 
3.277773e-01 -1.174725e+03 -3.980777e+02 3.810091e+03 8.027451e+01 1.555429e+03 2.900901e+03 2.500685e+03 3.980786e+02 7.332421e+01 1.973601e+03 4.208338e+03 3.265446e+02 1.678982e+03 1.615606e+03 9.476776e+02 -7.332414e+01 -9.615369e+02 -1.866416e+02 1.122373e+03 2.655994e+02 4.530496e+02 
3.291147e-01 -1.170380e+03 -3.968020e+02 3.818480e+03 8.010483e+01 1.553145e+03 2.902027e+03 2.502245e+03 3.968023e+02 7.303535e+01 1.970111e+03 4.213163e+03 3.259727e+02 1.675883e+03 1.618483e+03 9.462686e+02 -7.303537e+01 -9.577529e+02 -1.864346e+02 1.129069e+03 2.655668e+02 4.521801e+02 
3.304522e-01 -1.166121e+03 -3.955313e+02 3.825651e+03 7.991677e+01 1.550870e+03 2.902597e+03 2.503665e+03 3.955307e+02 7.274926e+01 1.965752e+03 4.218205e+03 3.253993e+02 1.670981e+03 1.621281e+03 9.439308e+02 -7.274822e+01 -9.540497e+02 -1.862269e+02 1.135117e+03 2.655109e+02 4.513356e+02 
3.317896e-01 -1.161805e+03 -3.942657e+02 3.833663e+03 7.971093e+01 1.548524e+03 2.903557e+03 2.505624e+03 3.942661e+02 7.246244e+01 1.963819e+03 4.223464e+03 3.248260e+02 1.671009e+03 1.624641e+03 9.440564e+02 -7.246257e+01 -9.502890e+02 -1.860173e+02 1.141628e+03 2.654346e+02 4.504684e+02 
3.331271e-01 -1.157430e+03 -3.930046e+02 3.842829e+03 7.948761e+01 1.546193e+03 2.905057e+03 2.508157e+03 3.930021e+02 7.217959e+01 1.963762e+03 4.230307e+03 3.242490e+02 1.674812e+03 1.628597e+03 9.460555e+02 -7.217838e+01 -9.464691e+02 -1.858064e+02 1.148741e+03 2.653334e+02 4.496299e+02 
3.344645e-01 -1.153192e+03 -3.917484e+02 3.849880e+03 7.924598e+01 1.543873e+03 2.905558e+03 2.509450e+03 3.917486e+02 7.189574e+01 1.959985e+03 4.234698e+03 3.236717e+02 1.671197e+03 1.631341e+03 9.443378e+02 -7.189571e+01 -9.427855e+02 -1.855937e+02 1.154724e+03 2.652104e+02 4.488194e+02 
3.358020e-01 -1.149082e+03 -3.904969e+02 3.854877e+03 7.898827e+01 1.541572e+03 2.905096e+03 2.510805e+03 3.904986e+02 7.161466e+01 1.955573e+03 4.239233e+03 3.230968e+02 1.666204e+03 1.634160e+03 9.418957e+02 -7.161453e+01 -9.392294e+02 -1.853795e+02 1.159628e+03 2.650682e+02 4.480255e+02 
3.371395e-01 -1.144918e+03 -3.892506e+02 3.860638e+03 7.871477e+01 1.539198e+03 2.904994e+03 2.512831e+03 3.892507e+02 7.133492e+01 1.953896e+03 4.245175e+03 3.225196e+02 1.666787e+03 1.637721e+03 9.422464e+02 -7.133477e+01 -9.356192e+02 -1.851663e+02 1.164947e+03 2.649131e+02 4.472069e+02 
3.384769e-01 -1.140702e+03 -3.880095e+02 3.867604e+03 7.842713e+01 1.536841e+03 2.905461e+03 2.515369e+03 3.880087e+02 7.105653e+01 1.952905e+03 4.252131e+03 3.219434e+02 1.668752e+03 1.641774e+03 9.432687e+02 -7.105663e+01 -9.319524e+02 -1.849515e+02 1.170895e+03 2.647400e+02 4.464175e+02 
3.398144e-01 -1.136743e+03 -3.867737e+02 3.870386e+03 7.812904e+01 1.534506e+03 2.903960e+03 2.516430e+03 3.867719e+02 7.078112e+01 1.948438e+03 4.256124e+03 3.214012e+02 1.663758e+03 1.644349e+03 9.408315e+02 -7.077992e+01 -9.285421e+02 -1.847358e+02 1.174622e+03 2.645508e+02 4.456478e+02 
3.411518e-01 -1.132886e+03 -3.855428e+02 3.871478e+03 7.782065e+01 1.532152e+03 2.901668e+03 2.518041e+03 3.855423e+02 7.050447e+01 1.944395e+03 4.261276e+03 3.207928e+02 1.659612e+03 1.647547e+03 9.387615e+02 -7.050465e+01 -9.252338e+02 -1.845196e+02 1.177460e+03 2.643520e+02 4.448789e+02 
3.424893e-01 -1.128982e+03 -3.843169e+02 3.873410e+03 7.750201e+01 1.529761e+03 2.899769e+03 2.520440e+03 3.843174e+02 7.023090e+01 1.943456e+03 4.267982e+03 3.202193e+02 1.661705e+03 1.651501e+03 9.398545e+02 -7.023081e+01 -9.218752e+02 -1.843055e+02 1.180743e+03 2.641484e+02 4.440946e+02 
3.438268e-01 -1.125029e+03 -3.830960e+02 3.876462e+03 7.717669e+01 1.527388e+03 2.898406e+03 2.522679e+03 3.830963e+02 6.995859e+01 1.941673e+03 4.274345e+03 3.198719e+02 1.662126e+03 1.655287e+03 9.400777e+02 -6.995840e+01 -9.184677e+02 -1.840892e+02 1.184611e+03 2.639344e+02 4.433316e+02 
3.451642e-01 -1.121421e+03 -3.818810e+02 3.873833e+03 7.684773e+01 1.525041e+03 2.894379e+03 2.523935e+03 3.819664e+02 6.968758e+01 1.935386e+03 4.278794e+03 3.190733e+02 1.653494e+03 1.658122e+03 9.357971e+02 -6.968750e+01 -9.154024e+02 -1.838733e+02 1.185470e+03 2.637158e+02 4.425831e+02 
3.465017e-01 -1.117853e+03 -3.806712e+02 3.870420e+03 7.651706e+01 1.522631e+03 2.889973e+03 2.526047e+03 3.806701e+02 6.941951e+01 1.932319e+03 4.284971e+03 3.185003e+02 1.651407e+03 1.661845e+03 9.347591e+02 -6.941813e+01 -9.123763e+02 -1.836575e+02 1.185918e+03 2.634955e+02 4.418046e+02 
3.478391e-01 -1.114242e+03 -3.794662e+02 3.867987e+03 7.618422e+01 1.520220e+03 2.886045e+03 2.529015e+03 3.794659e+02 6.915172e+01 1.931531e+03 4.292824e+03 3.179312e+02 1.653795e+03 1.666378e+03 9.359645e+02 -6.915003e+01 -9.093068e+02 -1.834428e+02 1.186871e+03 2.632778e+02 4.410263e+02 
3.491766e-01 -1.110589e+03 -3.782660e+02 3.866594e+03 7.584971e+01 1.517840e+03 2.882611e+03 2.530482e+03 3.782645e+02 6.888442e+01 1.926357e+03 4.297682e+03 3.173608e+02 1.647423e+03 1.669413e+03 9.327971e+02 -6.888330e+01 -9.061931e+02 -1.832269e+02 1.188375e+03 2.630551e+02 4.402655e+02 
3.505140e-01 -1.107330e+03 -3.770715e+02 3.858444e+03 7.552047e+01 1.515445e+03 2.876001e+03 2.532385e+03 3.770704e+02 6.861924e+01 1.921409e+03 4.303425e+03 3.167921e+02 1.641504e+03 1.672896e+03 9.298434e+02 -6.861808e+01 -9.034709e+02 -1.830110e+02 1.186309e+03 2.628380e+02 4.394939e+02 
3.518515e-01 -1.104045e+03 -3.758824e+02 3.850841e+03 7.519800e+01 1.512998e+03 2.869643e+03 2.535224e+03 3.758817e+02 6.835475e+01 1.920200e+03 4.311016e+03 3.162257e+02 1.643133e+03 1.677295e+03 9.306796e+02 -6.835432e+01 -9.007211e+02 -1.827958e+02 1.184525e+03 2.626288e+02 4.386892e+02 
3.531890e-01 -1.100724e+03 -3.746986e+02 3.844285e+03 7.488164e+01 1.510590e+03 2.863793e+03 2.537628e+03 3.747849e+02 6.809211e+01 1.917064e+03 4.317702e+03 3.156604e+02 1.640881e+03 1.681245e+03 9.296039e+02 -6.809192e+01 -8.979345e+02 -1.825813e+02 1.183272e+03 2.624251e+02 4.378982e+02 
3.545264e-01 -1.097412e+03 -3.735187e+02 3.837877e+03 7.456974e+01 1.508216e+03 2.858041e+03 2.539293e+03 3.735197e+02 6.783124e+01 1.910437e+03 4.322916e+03 3.150964e+02 1.631594e+03 1.684457e+03 9.249853e+02 -6.783083e+01 -8.951555e+02 -1.823641e+02 1.182091e+03 2.622212e+02 4.371212e+02 
3.558639e-01 -1.094379e+03 -3.723446e+02 3.826331e+03 7.426589e+01 1.505734e+03 2.849846e+03 2.541957e+03 3.723451e+02 6.757167e+01 1.907795e+03 4.330137e+03 3.145313e+02 1.630341e+03 1.688670e+03 9.243813e+02 -6.757115e+01 -8.926540e+02 -1.821482e+02 1.178208e+03 2.620304e+02 4.362898e+02 
3.572013e-01 -1.091318e+03 -3.711757e+02 3.815769e+03 7.397809e+01 1.503288e+03 2.842133e+03 2.545093e+03 3.712587e+02 6.731348e+01 1.906018e+03 4.338258e+03 3.139678e+02 1.630803e+03 1.693315e+03 9.246772e+02 -6.731292e+01 -8.901211e+02 -1.819321e+02 1.174836e+03 2.618505e+02 4.354622e+02 
3.585388e-01 -1.088225e+03 -3.700126e+02 3.806227e+03 7.369909e+01 1.500888e+03 2.834925e+03 2.546572e+03 3.700125e+02 6.705675e+01 1.899286e+03 4.343065e+03 3.134058e+02 1.621327e+03 1.696302e+03 9.199661e+02 -6.705604e+01 -8.875560e+02 -1.817166e+02 1.171968e+03 2.616818e+02 4.346470e+02 
3.598763e-01 -1.085166e+03 -3.688531e+02 3.796005e+03 7.342867e+01 1.498408e+03 2.827386e+03 2.549079e+03 3.688539e+02 6.680076e+01 1.895516e+03 4.349884e+03 3.128417e+02 1.617800e+03 1.700298e+03 9.182556e+02 -6.680044e+01 -8.850244e+02 -1.814977e+02 1.168750e+03 2.615130e+02 4.337928e+02 
3.612137e-01 -1.082249e+03 -3.676986e+02 3.783531e+03 7.317088e+01 1.495934e+03 2.818796e+03 2.552466e+03 3.676989e+02 6.654721e+01 1.894119e+03 4.358516e+03 3.122804e+02 1.619031e+03 1.705191e+03 9.189482e+02 -6.654623e+01 -8.826315e+02 -1.812795e+02 1.164327e+03 2.613596e+02 4.329286e+02 
3.625512e-01 -1.079303e+03 -3.665492e+02 3.772000e+03 7.292772e+01 1.493498e+03 2.810673e+03 2.553974e+03 3.665502e+02 6.629384e+01 1.887978e+03 4.363306e+03 3.117180e+02 1.610730e+03 1.708139e+03 9.148403e+02 -6.629327e+01 -8.802086e+02 -1.810613e+02 1.160396e+03 2.612183e+02 4.320710e+02 
3.638886e-01 -1.076329e+03 -3.654048e+02 3.761176e+03 7.269600e+01 1.491026e+03 2.802886e+03 2.556263e+03 3.654064e+02 6.604212e+01 1.883422e+03 4.369704e+03 3.111524e+02 1.605628e+03 1.711909e+03 9.123567e+02 -6.604170e+01 -8.777570e+02 -1.808426e+02 1.156826e+03 2.610857e+02 4.311873e+02 
3.652261e-01 -1.073375e+03 -3.642644e+02 3.750145e+03 7.247375e+01 1.488531e+03 2.795035e+03 2.559647e+03 3.642647e+02 6.579286e+01 1.882808e+03 4.378214e+03 3.105860e+02 1.608455e+03 1.716713e+03 9.138711e+02 -6.579152e+01 -8.753241e+02 -1.806210e+02 1.153154e+03 2.609556e+02 4.302936e+02 
3.665635e-01 -1.070457e+03 -3.631291e+02 3.738912e+03 7.226486e+01 1.486076e+03 2.787099e+03 2.561213e+03 3.631302e+02 6.554301e+01 1.876641e+03 4.383041e+03 3.100324e+02 1.600140e+03 1.719680e+03 9.097933e+02 -6.554261e+01 -8.729261e+02 -1.803994e+02 1.149345e+03 2.608366e+02 4.294085e+02 
3.679010e-01 -1.067513e+03 -3.619985e+02 3.728374e+03 7.206825e+01 1.483591e+03 2.779490e+03 2.563287e+03 3.619978e+02 6.529526e+01 1.871683e+03 4.388938e+03 3.094691e+02 1.594225e+03 1.723193e+03 9.068996e+02 -6.529500e+01 -8.704996e+02 -1.801770e+02 1.145910e+03 2.607262e+02 4.284999e+02 
3.692385e-01 -1.064541e+03 -3.608725e+02 3.718564e+03 7.188115e+01 1.481076e+03 2.772218e+03 2.566537e+03 3.608703e+02 6.504881e+01 1.871671e+03 4.397135e+03 3.089056e+02 1.598215e+03 1.727829e+03 9.089902e+02 -6.504869e+01 -8.680422e+02 -1.799531e+02 1.142835e+03 2.606213e+02 4.275685e+02 
3.705759e-01 -1.061560e+03 -3.597505e+02 3.709301e+03 7.170147e+01 1.478603e+03 2.765231e+03 2.568032e+03 3.597571e+02 6.480373e+01 1.865394e+03 4.401805e+03 3.083333e+02 1.589668e+03 1.730687e+03 9.048444e+02 -6.480362e+01 -8.655777e+02 -1.797270e+02 1.140045e+03 2.605173e+02 4.266590e+02 
3.719134e-01 -1.058568e+03 -3.586337e+02 3.700527e+03 7.153200e+01 1.476110e+03 2.758486e+03 2.569890e+03 3.586340e+02 6.456000e+01 1.860392e+03 4.407219e+03 3.077779e+02 1.583617e+03 1.733961e+03 9.018902e+02 -6.455989e+01 -8.630983e+02 -1.795006e+02 1.137505e+03 2.604186e+02 4.257381e+02 
3.732508e-01 -1.055548e+03 -3.575210e+02 3.692429e+03 7.136970e+01 1.473580e+03 2.752076e+03 2.572967e+03 3.575188e+02 6.431736e+01 1.860576e+03 4.415060e+03 3.072038e+02 1.588037e+03 1.738427e+03 9.041725e+02 -6.431745e+01 -8.605899e+02 -1.792727e+02 1.135311e+03 2.603235e+02 4.247923e+02 
3.745883e-01 -1.052497e+03 -3.564126e+02 3.685281e+03 7.121351e+01 1.471092e+03 2.746122e+03 2.575354e+03 3.564101e+02 6.407613e+01 1.854348e+03 4.419150e+03 3.066469e+02 1.579586e+03 1.741028e+03 9.000627e+02 -6.407627e+01 -8.580510e+02 -1.790428e+02 1.133610e+03 2.602284e+02 4.238679e+02 
3.759258e-01 -1.049425e+03 -3.553082e+02 3.678761e+03 7.106082e+01 1.468584e+03 2.740465e+03 2.575906e+03 3.553066e+02 6.383616e+01 1.849668e+03 4.424236e+03 3.060823e+02 1.574196e+03 1.744105e+03 8.974500e+02 -6.383626e+01 -8.554882e+02 -1.788115e+02 1.132226e+03 2.601319e+02 4.229315e+02 
3.772632e-01 -1.046326e+03 -3.542086e+02 3.672892e+03 7.091188e+01 1.466045e+03 2.735135e+03 2.578874e+03 3.542081e+02 6.359786e+01 1.849636e+03 4.431795e+03 3.055157e+02 1.578178e+03 1.748428e+03 8.995358e+02 -6.359760e+01 -8.528974e+02 -1.785793e+02 1.131187e+03 2.600346e+02 4.219816e+02 
3.786007e-01 -1.043199e+03 -3.531134e+02 3.668033e+03 7.076657e+01 1.463559e+03 2.730284e+03 2.579720e+03 3.531145e+02 6.336051e+01 1.843532e+03 4.435084e+03 3.049505e+02 1.569970e+03 1.750608e+03 8.955665e+02 -6.336016e+01 -8.502772e+02 -1.783456e+02 1.130666e+03 2.599347e+02 4.210563e+02 
3.799381e-01 -1.040043e+03 -3.520220e+02 3.663824e+03 7.062366e+01 1.461028e+03 2.725754e+03 2.581325e+03 3.520248e+02 6.312408e+01 1.839602e+03 4.439935e+03 3.043868e+02 1.566062e+03 1.753588e+03 8.936773e+02 -6.312389e+01 -8.476270e+02 -1.781096e+02 1.130481e+03 2.598311e+02 4.201129e+02 
3.812756e-01 -1.036870e+03 -3.509351e+02 3.660100e+03 7.048017e+01 1.458492e+03 2.721453e+03 2.584073e+03 3.509376e+02 6.288905e+01 1.839269e+03 4.447053e+03 3.038201e+02 1.569464e+03 1.757704e+03 8.954739e+02 -6.288896e+01 -8.449593e+02 -1.778732e+02 1.130545e+03 2.597215e+02 4.191742e+02 
3.826130e-01 -1.033670e+03 -3.498522e+02 3.657337e+03 7.033423e+01 1.456002e+03 2.717633e+03 2.584502e+03 3.498551e+02 6.265553e+01 1.833069e+03 4.449526e+03 3.032514e+02 1.561057e+03 1.760287e+03 8.913427e+02 -6.265516e+01 -8.422625e+02 -1.776353e+02 1.131106e+03 2.596066e+02 4.182591e+02 
3.839505e-01 -1.030441e+03 -3.487740e+02 3.655163e+03 7.018789e+01 1.453452e+03 2.714086e+03 2.586101e+03 3.487836e+02 6.242285e+01 1.830315e+03 4.454391e+03 3.026802e+02 1.559535e+03 1.762515e+03 8.906374e+02 -6.242260e+01 -8.395354e+02 -1.773959e+02 1.131978e+03 2.594840e+02 4.173191e+02 
3.852880e-01 -1.027183e+03 -3.476996e+02 3.653825e+03 7.003835e+01 1.450922e+03 2.710952e+03 2.588423e+03 3.476999e+02 6.219140e+01 1.830202e+03 4.460653e+03 3.021093e+02 1.563341e+03 1.766220e+03 8.926090e+02 -6.219127e+01 -8.367789e+02 -1.771553e+02 1.133283e+03 2.593544e+02 4.163930e+02 
3.866254e-01 -1.023946e+03 -3.466296e+02 3.652451e+03 6.988439e+01 1.448437e+03 2.707803e+03 2.588650e+03 3.466296e+02 6.196124e+01 1.823053e+03 4.462737e+03 3.015395e+02 1.552972e+03 1.767839e+03 8.874918e+02 -6.196110e+01 -8.340411e+02 -1.769136e+02 1.134558e+03 2.592167e+02 4.154992e+02 
3.879629e-01 -1.020678e+03 -3.455638e+02 3.651581e+03 6.972674e+01 1.445863e+03 2.704882e+03 2.590397e+03 3.455643e+02 6.173211e+01 1.821900e+03 4.467905e+03 3.009698e+02 1.554744e+03 1.771018e+03 8.884321e+02 -6.173214e+01 -8.312717e+02 -1.766712e+02 1.136105e+03 2.590710e+02 4.145647e+02 
3.893003e-01 -1.017382e+03 -3.445026e+02 3.651702e+03 6.956528e+01 1.443341e+03 2.702457e+03 2.591900e+03 3.445012e+02 6.150438e+01 1.819988e+03 4.472506e+03 3.003978e+02 1.554909e+03 1.773898e+03 8.885845e+02 -6.150442e+01 -8.284716e+02 -1.764276e+02 1.138157e+03 2.589152e+02 4.136638e+02 
3.906378e-01 -1.014077e+03 -3.434453e+02 3.652271e+03 6.939741e+01 1.440843e+03 2.700250e+03 2.592338e+03 3.434562e+02 6.127793e+01 1.813587e+03 4.475033e+03 2.998305e+02 1.546079e+03 1.775766e+03 8.841943e+02 -6.127782e+01 -8.256623e+02 -1.761830e+02 1.140443e+03 2.587498e+02 4.127832e+02 
3.919753e-01 -1.010831e+03 -3.423920e+02 3.651577e+03 6.922241e+01 1.438279e+03 2.697437e+03 2.594419e+03 3.423934e+02 6.105247e+01 1.814482e+03 4.480834e+03 2.992616e+02 1.551908e+03 1.779268e+03 8.871384e+02 -6.105240e+01 -8.229111e+02 -1.759376e+02 1.142067e+03 2.585756e+02 4.118776e+02 
3.933127e-01 -1.007555e+03 -3.413430e+02 3.651900e+03 6.904204e+01 1.435772e+03 2.695113e+03 2.594965e+03 3.413448e+02 6.082818e+01 1.809111e+03 4.483547e+03 2.986952e+02 1.545192e+03 1.781236e+03 8.838384e+02 -6.082811e+01 -8.201283e+02 -1.756916e+02 1.144215e+03 2.583923e+02 4.110059e+02 
3.946502e-01 -1.004251e+03 -3.402989e+02 3.652968e+03 6.885670e+01 1.433250e+03 2.693159e+03 2.595782e+03 3.402993e+02 6.060610e+01 1.804802e+03 4.486863e+03 2.981239e+02 1.540481e+03 1.783525e+03 8.814975e+02 -6.060502e+01 -8.173148e+02 -1.754455e+02 1.146751e+03 2.582012e+02 4.101320e+02 
3.959876e-01 -1.000980e+03 -3.392587e+02 3.653475e+03 6.866408e+01 1.430706e+03 2.690935e+03 2.598069e+03 3.392599e+02 6.038106e+01 1.805091e+03 4.493089e+03 2.975384e+02 1.545116e+03 1.787260e+03 8.838197e+02 -6.038311e+01 -8.145336e+02 -1.751984e+02 1.148989e+03 2.579987e+02 4.092557e+02 
3.973251e-01 -9.977912e+02 -3.382225e+02 3.652658e+03 6.846515e+01 1.428220e+03 2.688092e+03 2.597857e+03 3.382240e+02 6.016332e+01 1.798654e+03 4.494326e+03 2.969882e+02 1.536145e+03 1.788507e+03 8.793749e+02 -6.016225e+01 -8.118339e+02 -1.749507e+02 1.150519e+03 2.577873e+02 4.084152e+02 
3.986625e-01 -9.945734e+02 -3.371904e+02 3.652350e+03 6.825969e+01 1.425660e+03 2.685492e+03 2.599220e+03 3.371903e+02 5.994027e+01 1.797015e+03 4.498750e+03 2.964166e+02 1.536907e+03 1.791368e+03 8.797139e+02 -5.994256e+01 -8.091036e+02 -1.747029e+02 1.152323e+03 2.575682e+02 4.075441e+02 
4.000000e-01 -9.913282e+02 -3.361632e+02 3.652973e+03 6.805043e+01 1.423140e+03 2.683352e+03 2.600647e+03 3.361629e+02 5.972478e+01 1.795713e+03 4.503272e+03 2.958392e+02 1.538301e+03 1.794255e+03 8.804399e+02 -5.972401e+01 -8.063441e+02 -1.744555e+02 1.154610e+03 2.573457e+02 4.066970e+02 
