1.000000e-04 -2.823151e-04 -6.468331e-03 -2.580549e-04 3.631145e-08 -1.267463e-10 1.234486e-05 -5.390325e-03 0.000000e+00 0.000000e+00 1.789821e-07 0.000000e+00 0.000000e+00 0.000000e+00 0.000000e+00 0.000000e+00 -2.310073e-03 -2.821553e-04 -2.433597e-09 -2.702399e-04 -3.013994e-10 -6.410647e-11 
1.437458e-03 -7.438056e-01 -1.330075e+00 -6.734233e-01 1.143953e-03 5.431214e-04 3.991558e-02 -1.110276e+00 0.000000e+00 0.000000e+00 6.863415e-03 0.000000e+00 0.000000e+00 0.000000e+00 0.000000e+00 0.000000e+00 -4.734237e-01 -7.381500e-01 -2.644582e-04 -7.076833e-01 1.017824e-05 1.211338e-04 
2.774916e-03 -4.881792e+00 -4.897611e+00 -4.384255e+00 1.513882e-02 1.204816e-02 3.053913e-01 -4.104271e+00 0.000000e+00 0.000000e+00 8.742636e-02 0.000000e+00 0.000000e+00 0.000000e+00 0.000000e+00 0.000000e+00 -1.730391e+00 -4.815692e+00 -3.464487e-03 -4.623547e+00 1.252406e-04 2.931287e-03 
4.112375e-03 -1.445818e+01 -1.056801e+01 -1.290236e+01 6.866197e-02 7.351390e-02 1.018100e+00 -8.904336e+00 0.000000e+00 0.000000e+00 3.869575e-01 0.000000e+00 0.000000e+00 0.000000e+00 0.000000e+00 0.000000e+00 -3.697305e+00 -1.418713e+01 -1.580163e-02 -1.364941e+01 9.671956e-04 1.871546e-02 
5.449833e-03 -3.056968e+01 -1.815043e+01 -2.710118e+01 1.976085e-01 2.591028e-01 2.390066e+00 -1.539232e+01 0.000000e+00 0.000000e+00 1.095135e+00 0.000000e+00 0.000000e+00 0.000000e+00 0.000000e+00 0.000000e+00 -6.278785e+00 -2.985385e+01 -4.581636e-02 -2.877541e+01 3.928144e-03 6.840635e-02 
6.787291e-03 -5.362691e+01 -2.742673e+01 -4.721156e+01 4.409639e-01 6.744646e-01 4.610803e+00 -2.342655e+01 0.000000e+00 0.000000e+00 2.417533e+00 0.000000e+00 0.000000e+00 0.000000e+00 0.000000e+00 0.000000e+00 -9.373285e+00 -5.214407e+01 -1.033696e-01 -5.033953e+01 1.138871e-02 1.835296e-01 
8.124749e-03 -8.347945e+01 -3.816764e+01 -7.292475e+01 8.360171e-01 1.448266e+00 7.846914e+00 -3.285110e+01 0.000000e+00 0.000000e+00 4.555029e+00 0.000000e+00 0.000000e+00 0.000000e+00 0.000000e+00 0.000000e+00 -1.288111e+01 -8.084575e+01 -1.987674e-01 -7.813797e+01 2.655371e-02 4.044156e-01 
9.462207e-03 -1.197502e+02 -5.014431e+01 -1.037164e+02 1.414578e+00 2.722455e+00 1.224218e+01 -4.350336e+01 0.000000e+00 0.000000e+00 7.689335e+00 0.000000e+00 0.000000e+00 0.000000e+00 0.000000e+00 0.000000e+00 -1.670910e+01 -1.155430e+02 -3.423159e-01 -1.117513e+02 5.320535e-02 7.776191e-01 
1.079967e-02 -1.614970e+02 -6.313592e+01 -1.384359e+02 2.200044e+00 4.643170e+00 1.795085e+01 -5.521952e+01 0.000000e+00 0.000000e+00 1.197366e+01 0.000000e+00 0.000000e+00 0.000000e+00 0.000000e+00 0.000000e+00 -2.077312e+01 -1.552765e+02 -5.440299e-01 -1.501663e+02 9.551658e-02 1.353323e+00 
1.213712e-02 -2.080440e+02 -7.693551e+01 -1.762305e+02 3.205859e+00 7.349164e+00 2.509238e+01 -6.783937e+01 0.000000e+00 0.000000e+00 1.752546e+01 0.000000e+00 0.000000e+00 0.000000e+00 0.000000e+00 0.000000e+00 -2.499930e+01 -1.993723e+02 -8.134060e-01 -1.926512e+02 1.577287e-01 2.181042e+00 
1.347458e-02 -2.583357e+02 -9.135342e+01 -2.158132e+02 4.435024e+00 1.097436e+01 3.379401e+01 -8.120976e+01 0.000000e+00 0.000000e+00 2.442869e+01 0.000000e+00 0.000000e+00 0.000000e+00 0.000000e+00 0.000000e+00 -2.932434e+01 -2.467921e+02 -1.159753e+00 -2.380635e+02 2.440539e-01 3.311768e+00 
1.481204e-02 -3.113042e+02 -1.062186e+02 -2.558799e+02 5.878655e+00 1.562635e+01 4.416774e+01 -9.518649e+01 0.000000e+00 0.000000e+00 3.272500e+01 0.000000e+00 0.000000e+00 0.000000e+00 0.000000e+00 0.000000e+00 -3.369490e+01 -2.964970e+02 -1.591873e+00 -2.852406e+02 3.586454e-01 4.787479e+00 
1.614950e-02 -3.659709e+02 -1.213806e+02 -2.951549e+02 7.518564e+00 2.140067e+01 5.634212e+01 -1.096369e+02 0.000000e+00 0.000000e+00 4.242496e+01 0.000000e+00 0.000000e+00 0.000000e+00 0.000000e+00 0.000000e+00 -3.806732e+01 -3.475459e+02 -2.118130e+00 -3.330717e+02 5.054918e-01 6.648845e+00 
1.748696e-02 -4.215053e+02 -1.367090e+02 -3.325627e+02 9.327263e+00 2.836733e+01 7.040686e+01 -1.244406e+02 0.000000e+00 0.000000e+00 5.350571e+01 0.000000e+00 0.000000e+00 0.000000e+00 0.000000e+00 0.000000e+00 -4.240653e+01 -3.991504e+02 -2.746737e+00 -3.806150e+02 6.886676e-01 8.928289e+00 
1.882441e-02 -4.772255e+02 -1.520919e+02 -3.672680e+02 1.126963e+01 3.655760e+01 8.639789e+01 -1.394892e+02 0.000000e+00 0.000000e+00 6.590823e+01 0.000000e+00 0.000000e+00 0.000000e+00 0.000000e+00 0.000000e+00 -4.668481e+01 -4.506733e+02 -3.485261e+00 -4.271143e+02 9.123644e-01 1.164244e+01 
2.016187e-02 -5.314146e+02 -1.674364e+02 -3.969275e+02 1.330483e+01 4.600493e+01 1.045796e+02 -1.546876e+02 0.000000e+00 0.000000e+00 7.956197e+01 0.000000e+00 0.000000e+00 0.000000e+00 0.000000e+00 0.000000e+00 -5.088118e+01 -5.004429e+02 -4.341029e+00 -4.705358e+02 1.181418e+00 1.481229e+01 
2.149933e-02 -5.843241e+02 -1.826663e+02 -4.218991e+02 1.538910e+01 5.668982e+01 1.248461e+02 -1.699533e+02 0.000000e+00 0.000000e+00 9.436325e+01 0.000000e+00 0.000000e+00 0.000000e+00 0.000000e+00 0.000000e+00 -5.498025e+01 -5.487532e+02 -5.321026e+00 -5.111750e+02 1.501491e+00 1.843315e+01 
2.283679e-02 -6.358223e+02 -1.977215e+02 -4.420909e+02 1.747784e+01 6.858371e+01 1.471246e+02 -1.852162e+02 0.000000e+00 0.000000e+00 1.102013e+02 0.000000e+00 0.000000e+00 0.000000e+00 0.000000e+00 0.000000e+00 -5.897137e+01 -5.955121e+02 -6.430355e+00 -5.489053e+02 1.878590e+00 2.250046e+01 
2.417425e-02 -6.839448e+02 -2.125539e+02 -4.545921e+02 1.952662e+01 8.166614e+01 1.718339e+02 -2.004164e+02 0.000000e+00 0.000000e+00 1.269686e+02 0.000000e+00 0.000000e+00 0.000000e+00 0.000000e+00 0.000000e+00 -6.284738e+01 -6.387923e+02 -7.675067e+00 -5.812730e+02 2.319860e+00 2.701268e+01 
2.551171e-02 -7.302233e+02 -2.271283e+02 -4.619681e+02 2.149410e+01 9.580862e+01 1.984037e+02 -2.155051e+02 0.000000e+00 0.000000e+00 1.445103e+02 0.000000e+00 0.000000e+00 0.000000e+00 0.000000e+00 0.000000e+00 -6.660443e+01 -6.801555e+02 -9.058736e+00 -6.103041e+02 2.832917e+00 3.191385e+01 
2.684916e-02 -7.733054e+02 -2.414201e+02 -4.619494e+02 2.334413e+01 1.110287e+02 2.272451e+02 -2.304436e+02 0.000000e+00 0.000000e+00 1.627481e+02 0.000000e+00 0.000000e+00 0.000000e+00 0.000000e+00 0.000000e+00 -7.024064e+01 -7.182769e+02 -1.058375e+01 -6.341650e+02 3.427356e+00 3.722136e+01 
2.818662e-02 -8.139690e+02 -2.554119e+02 -4.563048e+02 2.504568e+01 1.271066e+02 2.578148e+02 -2.452004e+02 0.000000e+00 0.000000e+00 1.814955e+02 0.000000e+00 0.000000e+00 0.000000e+00 0.000000e+00 0.000000e+00 -7.375633e+01 -7.539555e+02 -1.225211e+01 -6.541075e+02 4.114831e+00 4.283387e+01 
2.952408e-02 -8.518789e+02 -2.690937e+02 -4.444007e+02 2.657550e+01 1.440269e+02 2.902296e+02 -2.597515e+02 0.000000e+00 0.000000e+00 2.006803e+02 0.000000e+00 0.000000e+00 0.000000e+00 0.000000e+00 0.000000e+00 -7.715262e+01 -7.868742e+02 -1.406325e+01 -6.696235e+02 4.903733e+00 4.874646e+01 
3.086154e-02 -8.870023e+02 -2.824619e+02 -4.263323e+02 2.791935e+01 1.616798e+02 3.243785e+02 -2.740806e+02 0.000000e+00 0.000000e+00 2.201915e+02 0.000000e+00 0.000000e+00 0.000000e+00 0.000000e+00 0.000000e+00 -8.043210e+01 -8.170129e+02 -1.601496e+01 -6.807244e+02 5.807274e+00 5.491292e+01 
3.219900e-02 -9.207809e+02 -2.955157e+02 -4.048685e+02 2.906858e+01 1.799624e+02 3.595845e+02 -2.881740e+02 0.000000e+00 0.000000e+00 2.399375e+02 0.000000e+00 0.000000e+00 0.000000e+00 0.000000e+00 0.000000e+00 -8.359707e+01 -8.458226e+02 -1.810408e+01 -6.894944e+02 6.837676e+00 6.128116e+01 
3.353645e-02 -9.513664e+02 -3.082579e+02 -3.767920e+02 3.002446e+01 1.987851e+02 3.965009e+02 -3.020251e+02 0.000000e+00 0.000000e+00 2.598437e+02 0.000000e+00 0.000000e+00 0.000000e+00 0.000000e+00 0.000000e+00 -8.665114e+01 -8.714619e+02 -2.032520e+01 -6.933848e+02 8.006143e+00 6.780847e+01 
3.487391e-02 -9.816939e+02 -3.206928e+02 -3.476719e+02 3.079837e+01 2.180745e+02 4.337889e+02 -3.156276e+02 0.000000e+00 0.000000e+00 2.798520e+02 0.000000e+00 0.000000e+00 0.000000e+00 0.000000e+00 0.000000e+00 -8.959652e+01 -8.968680e+02 -2.267059e+01 -6.966350e+02 9.325056e+00 7.445860e+01 
3.621137e-02 -1.010193e+03 -3.328268e+02 -3.153501e+02 3.140862e+01 2.375634e+02 4.717389e+02 -3.289805e+02 0.000000e+00 0.000000e+00 2.998294e+02 0.000000e+00 0.000000e+00 0.000000e+00 0.000000e+00 0.000000e+00 -9.243666e+01 -9.204749e+02 -2.513178e+01 -6.973682e+02 1.080461e+01 8.109427e+01 
3.754883e-02 -1.035919e+03 -3.446663e+02 -2.774578e+02 3.187632e+01 2.573350e+02 5.110438e+02 -3.420834e+02 0.000000e+00 0.000000e+00 3.198159e+02 0.000000e+00 0.000000e+00 0.000000e+00 0.000000e+00 0.000000e+00 -9.517447e+01 -9.413357e+02 -2.769787e+01 -6.939175e+02 1.245477e+01 8.775444e+01 
3.888629e-02 -1.064805e+03 -3.562150e+02 -2.458812e+02 3.223375e+01 2.774311e+02 5.487312e+02 -3.549349e+02 0.000000e+00 0.000000e+00 3.398430e+02 0.000000e+00 0.000000e+00 0.000000e+00 0.000000e+00 0.000000e+00 -9.781164e+01 -9.653832e+02 -3.035779e+01 -6.951918e+02 1.428613e+01 9.445556e+01 
4.022375e-02 -1.090969e+03 -3.674812e+02 -2.099812e+02 3.251714e+01 2.974123e+02 5.871856e+02 -3.675387e+02 0.000000e+00 0.000000e+00 3.597170e+02 0.000000e+00 0.000000e+00 0.000000e+00 0.000000e+00 0.000000e+00 -1.003511e+02 -9.867347e+02 -3.309824e+01 -6.929238e+02 1.630367e+01 1.009754e+02 
4.156120e-02 -1.115477e+03 -3.784700e+02 -1.704271e+02 3.276446e+01 3.176593e+02 6.265828e+02 -3.798964e+02 0.000000e+00 0.000000e+00 3.796480e+02 0.000000e+00 0.000000e+00 0.000000e+00 0.000000e+00 0.000000e+00 -1.027951e+02 -1.006453e+03 -3.590530e+01 -6.879877e+02 1.851060e+01 1.075002e+02 
4.289866e-02 -1.144290e+03 -3.891807e+02 -1.418559e+02 3.301924e+01 3.377380e+02 6.626176e+02 -3.920066e+02 0.000000e+00 0.000000e+00 3.994517e+02 0.000000e+00 0.000000e+00 0.000000e+00 0.000000e+00 0.000000e+00 -1.051442e+02 -1.030500e+03 -3.876228e+01 -6.906831e+02 2.091285e+01 1.138087e+02 
4.423612e-02 -1.170911e+03 -3.996213e+02 -1.083934e+02 3.332666e+01 3.580894e+02 6.999707e+02 -4.038738e+02 0.000000e+00 0.000000e+00 4.193834e+02 0.000000e+00 0.000000e+00 0.000000e+00 0.000000e+00 0.000000e+00 -1.074012e+02 -1.052379e+03 -4.165588e+01 -6.898308e+02 2.351075e+01 1.201155e+02 
4.557358e-02 -1.195748e+03 -4.097881e+02 -7.297636e+01 3.372536e+01 3.780309e+02 7.373725e+02 -4.154939e+02 0.000000e+00 0.000000e+00 4.391316e+02 0.000000e+00 0.000000e+00 0.000000e+00 0.000000e+00 0.000000e+00 -1.095658e+02 -1.072496e+03 -4.456730e+01 -6.871028e+02 2.629804e+01 1.260845e+02 
4.691104e-02 -1.226810e+03 -4.196846e+02 -5.266813e+01 3.426433e+01 3.981312e+02 7.703334e+02 -4.268719e+02 0.000000e+00 0.000000e+00 4.590235e+02 0.000000e+00 0.000000e+00 0.000000e+00 0.000000e+00 0.000000e+00 -1.116405e+02 -1.098859e+03 -4.748243e+01 -6.950577e+02 2.927358e+01 1.319915e+02 
4.824849e-02 -1.256295e+03 -4.293057e+02 -2.928771e+01 3.498345e+01 4.183501e+02 8.040316e+02 -4.379999e+02 0.000000e+00 0.000000e+00 4.790680e+02 0.000000e+00 0.000000e+00 0.000000e+00 0.000000e+00 0.000000e+00 -1.136247e+02 -1.123674e+03 -5.038419e+01 -7.006997e+02 3.243189e+01 1.378198e+02 
4.958595e-02 -1.284167e+03 -4.386515e+02 -4.320687e+00 3.592125e+01 4.381414e+02 8.377153e+02 -4.488798e+02 0.000000e+00 0.000000e+00 4.990174e+02 0.000000e+00 0.000000e+00 0.000000e+00 0.000000e+00 0.000000e+00 -1.155201e+02 -1.146903e+03 -5.325729e+01 -7.047646e+02 3.575708e+01 1.433014e+02 
5.092341e-02 -1.316792e+03 -4.477189e+02 7.973475e+00 3.710486e+01 4.580164e+02 8.674311e+02 -4.595088e+02 0.000000e+00 0.000000e+00 5.191571e+02 0.000000e+00 0.000000e+00 0.000000e+00 0.000000e+00 0.000000e+00 -1.173271e+02 -1.174919e+03 -5.608582e+01 -7.175892e+02 3.923793e+01 1.486984e+02 
5.226087e-02 -1.348509e+03 -4.565037e+02 2.160675e+01 3.856750e+01 4.779513e+02 8.973655e+02 -4.698809e+02 0.000000e+00 0.000000e+00 5.394955e+02 0.000000e+00 0.000000e+00 0.000000e+00 0.000000e+00 0.000000e+00 -1.190471e+02 -1.202064e+03 -5.885337e+01 -7.293297e+02 4.284561e+01 1.540105e+02 
5.359833e-02 -1.379040e+03 -4.650028e+02 3.742948e+01 4.032159e+01 4.979360e+02 9.278302e+02 -4.799943e+02 0.000000e+00 0.000000e+00 5.600408e+02 0.000000e+00 0.000000e+00 0.000000e+00 0.000000e+00 0.000000e+00 -1.206808e+02 -1.228068e+03 -6.155132e+01 -7.394295e+02 4.656790e+01 1.592438e+02 
5.493579e-02 -1.412065e+03 -4.732074e+02 4.559091e+01 4.237386e+01 5.179725e+02 9.557081e+02 -4.898397e+02 0.000000e+00 0.000000e+00 5.807908e+02 0.000000e+00 0.000000e+00 0.000000e+00 0.000000e+00 0.000000e+00 -1.222277e+02 -1.256618e+03 -6.416450e+01 -7.546712e+02 5.037767e+01 1.644078e+02 
5.627324e-02 -1.444699e+03 -4.811187e+02 5.292315e+01 4.473418e+01 5.378158e+02 9.829823e+02 -4.994169e+02 0.000000e+00 0.000000e+00 6.016380e+02 0.000000e+00 0.000000e+00 0.000000e+00 0.000000e+00 0.000000e+00 -1.236909e+02 -1.284834e+03 -6.668407e+01 -7.701884e+02 5.424546e+01 1.694217e+02 
5.761070e-02 -1.476366e+03 -4.887307e+02 6.186435e+01 4.739878e+01 5.577258e+02 1.010597e+03 -5.087209e+02 0.000000e+00 0.000000e+00 6.227018e+02 0.000000e+00 0.000000e+00 0.000000e+00 0.000000e+00 0.000000e+00 -1.250701e+02 -1.312150e+03 -6.910596e+01 -7.845078e+02 5.814778e+01 1.744016e+02 
5.894816e-02 -1.508119e+03 -4.960415e+02 6.955751e+01 5.035194e+01 5.777160e+02 1.037574e+03 -5.177465e+02 0.000000e+00 0.000000e+00 6.439548e+02 0.000000e+00 0.000000e+00 0.000000e+00 0.000000e+00 0.000000e+00 -1.263678e+02 -1.339626e+03 -7.141844e+01 -7.995288e+02 6.205022e+01 1.794094e+02 
6.028562e-02 -1.539239e+03 -5.030450e+02 7.802782e+01 5.357282e+01 5.978093e+02 1.064647e+03 -5.264859e+02 0.000000e+00 0.000000e+00 6.653909e+02 0.000000e+00 0.000000e+00 0.000000e+00 0.000000e+00 0.000000e+00 -1.275844e+02 -1.366547e+03 -7.362253e+01 -8.139244e+02 6.592163e+01 1.844603e+02 
6.162308e-02 -1.569386e+03 -5.097441e+02 8.838705e+01 5.703667e+01 6.180299e+02 1.092134e+03 -5.349404e+02 0.000000e+00 0.000000e+00 6.870093e+02 0.000000e+00 0.000000e+00 0.000000e+00 0.000000e+00 0.000000e+00 -1.287223e+02 -1.392588e+03 -7.571207e+01 -8.269612e+02 6.972911e+01 1.896007e+02 
6.296054e-02 -1.597865e+03 -5.161353e+02 1.026811e+02 6.070949e+01 6.383422e+02 1.120744e+03 -5.431101e+02 0.000000e+00 0.000000e+00 7.087401e+02 0.000000e+00 0.000000e+00 0.000000e+00 0.000000e+00 0.000000e+00 -1.297832e+02 -1.417057e+03 -7.768688e+01 -8.372381e+02 7.344054e+01 1.948494e+02 
6.429799e-02 -1.624920e+03 -5.222187e+02 1.202578e+02 6.454006e+01 6.587887e+02 1.150185e+03 -5.509767e+02 0.000000e+00 0.000000e+00 7.305650e+02 0.000000e+00 0.000000e+00 0.000000e+00 0.000000e+00 0.000000e+00 -1.307696e+02 -1.440213e+03 -7.955245e+01 -8.452430e+02 7.703040e+01 2.002266e+02 
6.563545e-02 -1.650829e+03 -5.279969e+02 1.402414e+02 6.848847e+01 6.793842e+02 1.180221e+03 -5.585545e+02 0.000000e+00 0.000000e+00 7.524410e+02 0.000000e+00 0.000000e+00 0.000000e+00 0.000000e+00 0.000000e+00 -1.316821e+02 -1.462324e+03 -8.131487e+01 -8.514832e+02 8.046650e+01 2.057819e+02 
6.697291e-02 -1.673985e+03 -5.334731e+02 1.678672e+02 7.251935e+01 7.000952e+02 1.212625e+03 -5.658397e+02 0.000000e+00 0.000000e+00 7.743155e+02 0.000000e+00 0.000000e+00 0.000000e+00 0.000000e+00 0.000000e+00 -1.325250e+02 -1.481806e+03 -8.297519e+01 -8.525708e+02 8.373028e+01 2.115384e+02 
6.831037e-02 -1.694708e+03 -5.386519e+02 2.021904e+02 7.655991e+01 7.209471e+02 1.247037e+03 -5.728296e+02 0.000000e+00 0.000000e+00 7.961345e+02 0.000000e+00 0.000000e+00 0.000000e+00 0.000000e+00 0.000000e+00 -1.332996e+02 -1.498974e+03 -8.453990e+01 -8.491127e+02 8.677353e+01 2.175065e+02 
6.964783e-02 -1.714002e+03 -5.435405e+02 2.393457e+02 8.056696e+01 7.417134e+02 1.282038e+03 -5.795350e+02 0.000000e+00 0.000000e+00 8.177334e+02 0.000000e+00 0.000000e+00 0.000000e+00 0.000000e+00 0.000000e+00 -1.340092e+02 -1.514831e+03 -8.602338e+01 -8.435314e+02 8.960232e+01 2.236137e+02 
7.098528e-02 -1.730282e+03 -5.481400e+02 2.847263e+02 8.447568e+01 7.624374e+02 1.319522e+03 -5.859429e+02 0.000000e+00 0.000000e+00 8.390884e+02 0.000000e+00 0.000000e+00 0.000000e+00 0.000000e+00 0.000000e+00 -1.346553e+02 -1.527806e+03 -8.743830e+01 -8.323221e+02 9.218786e+01 2.298981e+02 
7.232274e-02 -1.743371e+03 -5.524673e+02 3.395527e+02 8.824529e+01 7.832101e+02 1.359981e+03 -5.920702e+02 0.000000e+00 0.000000e+00 8.601864e+02 0.000000e+00 0.000000e+00 0.000000e+00 0.000000e+00 0.000000e+00 -1.352428e+02 -1.537725e+03 -8.878776e+01 -8.147816e+02 9.452151e+01 2.364317e+02 
7.366020e-02 -1.754746e+03 -5.565245e+02 3.989477e+02 9.181018e+01 8.040756e+02 1.401683e+03 -5.979241e+02 0.000000e+00 0.000000e+00 8.809877e+02 0.000000e+00 0.000000e+00 0.000000e+00 0.000000e+00 0.000000e+00 -1.357716e+02 -1.546048e+03 -9.009044e+01 -7.940497e+02 9.658269e+01 2.432233e+02 
7.499766e-02 -1.763503e+03 -5.603272e+02 4.660458e+02 9.513849e+01 8.250046e+02 1.445778e+03 -6.035090e+02 0.000000e+00 0.000000e+00 9.014770e+02 0.000000e+00 0.000000e+00 0.000000e+00 0.000000e+00 0.000000e+00 -1.362475e+02 -1.551885e+03 -9.135159e+01 -7.681153e+02 9.838344e+01 2.502839e+02 
7.633512e-02 -1.769149e+03 -5.638860e+02 5.427739e+02 9.818663e+01 8.459639e+02 1.492934e+03 -6.088241e+02 0.000000e+00 0.000000e+00 9.215597e+02 0.000000e+00 0.000000e+00 0.000000e+00 0.000000e+00 0.000000e+00 -1.366727e+02 -1.554732e+03 -9.260141e+01 -7.357452e+02 9.992523e+01 2.576070e+02 
7.767258e-02 -1.772828e+03 -5.672010e+02 6.246841e+02 1.008859e+02 8.668399e+02 1.541502e+03 -6.138828e+02 0.000000e+00 0.000000e+00 9.411413e+02 0.000000e+00 0.000000e+00 0.000000e+00 0.000000e+00 0.000000e+00 -1.370483e+02 -1.555740e+03 -9.383491e+01 -6.997343e+02 1.011989e+02 2.651330e+02 
7.901003e-02 -1.774523e+03 -5.702945e+02 7.102483e+02 1.032226e+02 8.871413e+02 1.590690e+03 -6.186933e+02 0.000000e+00 0.000000e+00 9.599355e+02 0.000000e+00 0.000000e+00 0.000000e+00 0.000000e+00 0.000000e+00 -1.373761e+02 -1.554890e+03 -9.507494e+01 -6.608027e+02 1.022375e+02 2.726105e+02 
8.034749e-02 -1.774223e+03 -5.731859e+02 8.016950e+02 1.052013e+02 9.074160e+02 1.641615e+03 -6.232809e+02 0.000000e+00 0.000000e+00 9.782635e+02 0.000000e+00 0.000000e+00 0.000000e+00 0.000000e+00 0.000000e+00 -1.376637e+02 -1.552143e+03 -9.633190e+01 -6.178378e+02 1.030529e+02 2.803179e+02 
8.168495e-02 -1.771865e+03 -5.758729e+02 8.991885e+02 1.067662e+02 9.276833e+02 1.694296e+03 -6.276333e+02 0.000000e+00 0.000000e+00 9.960192e+02 0.000000e+00 0.000000e+00 0.000000e+00 0.000000e+00 0.000000e+00 -1.379082e+02 -1.547460e+03 -9.761609e+01 -5.707000e+02 1.036622e+02 2.882181e+02 
8.302241e-02 -1.767983e+03 -5.783813e+02 1.000963e+03 1.079381e+02 9.478898e+02 1.748153e+03 -6.317715e+02 0.000000e+00 0.000000e+00 1.013248e+03 0.000000e+00 0.000000e+00 0.000000e+00 0.000000e+00 0.000000e+00 -1.381174e+02 -1.541360e+03 -9.894175e+01 -5.205698e+02 1.040950e+02 2.963063e+02 
8.435987e-02 -1.764021e+03 -5.807221e+02 1.098392e+03 1.086778e+02 9.672411e+02 1.799577e+03 -6.357080e+02 0.000000e+00 0.000000e+00 1.029508e+03 0.000000e+00 0.000000e+00 0.000000e+00 0.000000e+00 0.000000e+00 -1.382907e+02 -1.535284e+03 -1.003084e+02 -4.724545e+02 1.043841e+02 3.041289e+02 
8.569732e-02 -1.758079e+03 -5.828882e+02 1.201612e+03 1.090296e+02 9.863779e+02 1.852647e+03 -6.394448e+02 0.000000e+00 0.000000e+00 1.045142e+03 0.000000e+00 0.000000e+00 0.000000e+00 0.000000e+00 0.000000e+00 -1.384276e+02 -1.527313e+03 -1.017295e+02 -4.203079e+02 1.045607e+02 3.120262e+02 
8.703478e-02 -1.750840e+03 -5.849214e+02 1.308545e+03 1.090006e+02 1.005455e+03 1.906764e+03 -6.430004e+02 0.000000e+00 0.000000e+00 1.060260e+03 0.000000e+00 0.000000e+00 0.000000e+00 0.000000e+00 0.000000e+00 -1.385371e+02 -1.518136e+03 -1.032174e+02 -3.655502e+02 1.046642e+02 3.200165e+02 
8.837224e-02 -1.746555e+03 -5.868098e+02 1.400423e+03 1.085920e+02 1.024134e+03 1.954639e+03 -6.463876e+02 0.000000e+00 0.000000e+00 1.074709e+03 0.000000e+00 0.000000e+00 0.000000e+00 0.000000e+00 0.000000e+00 -1.386141e+02 -1.511988e+03 -1.047714e+02 -3.196680e+02 1.047200e+02 3.279281e+02 
8.970970e-02 -1.740488e+03 -5.885768e+02 1.495128e+03 1.078660e+02 1.041925e+03 2.002854e+03 -6.496074e+02 0.000000e+00 0.000000e+00 1.088233e+03 0.000000e+00 0.000000e+00 0.000000e+00 0.000000e+00 0.000000e+00 -1.386649e+02 -1.504141e+03 -1.063893e+02 -2.713610e+02 1.047809e+02 3.354484e+02 
9.104716e-02 -1.732672e+03 -5.902272e+02 1.596101e+03 1.068292e+02 1.059678e+03 2.053087e+03 -6.526826e+02 0.000000e+00 0.000000e+00 1.101329e+03 0.000000e+00 0.000000e+00 0.000000e+00 0.000000e+00 0.000000e+00 -1.386906e+02 -1.494601e+03 -1.080874e+02 -2.188950e+02 1.048698e+02 3.430060e+02 
9.238462e-02 -1.725494e+03 -5.917771e+02 1.692694e+03 1.055315e+02 1.077250e+03 2.101302e+03 -6.556074e+02 0.000000e+00 0.000000e+00 1.113949e+03 0.000000e+00 0.000000e+00 0.000000e+00 0.000000e+00 0.000000e+00 -1.386966e+02 -1.485769e+03 -1.098491e+02 -1.688818e+02 1.050344e+02 3.504852e+02 
9.372207e-02 -1.722913e+03 -5.932232e+02 1.763601e+03 1.040039e+02 1.093579e+03 2.138778e+03 -6.583964e+02 0.000000e+00 0.000000e+00 1.125587e+03 0.000000e+00 0.000000e+00 0.000000e+00 0.000000e+00 0.000000e+00 -1.386743e+02 -1.481594e+03 -1.116865e+02 -1.338581e+02 1.052951e+02 3.573405e+02 
9.505953e-02 -1.718929e+03 -5.945759e+02 1.839788e+03 1.023221e+02 1.109926e+03 2.178085e+03 -6.610565e+02 0.000000e+00 0.000000e+00 1.136956e+03 0.000000e+00 0.000000e+00 0.000000e+00 0.000000e+00 0.000000e+00 -1.386337e+02 -1.476063e+03 -1.135855e+02 -9.545893e+01 1.057162e+02 3.641435e+02 
9.639699e-02 -1.713560e+03 -5.958505e+02 1.920534e+03 1.004774e+02 1.126019e+03 2.218840e+03 -6.636063e+02 0.000000e+00 0.000000e+00 1.147936e+03 0.000000e+00 0.000000e+00 0.000000e+00 0.000000e+00 0.000000e+00 -1.385726e+02 -1.469190e+03 -1.155460e+02 -5.391108e+01 1.062861e+02 3.707639e+02 
9.773445e-02 -1.710924e+03 -5.970505e+02 1.984115e+03 9.857636e+01 1.140993e+03 2.252259e+03 -6.660491e+02 0.000000e+00 0.000000e+00 1.158172e+03 0.000000e+00 0.000000e+00 0.000000e+00 0.000000e+00 0.000000e+00 -1.384945e+02 -1.465091e+03 -1.175657e+02 -2.228603e+01 1.070618e+02 3.767050e+02 
9.907191e-02 -1.712465e+03 -5.981747e+02 2.027749e+03 9.662144e+01 1.156061e+03 2.277623e+03 -6.683746e+02 0.000000e+00 0.000000e+00 1.168253e+03 0.000000e+00 0.000000e+00 0.000000e+00 0.000000e+00 0.000000e+00 -1.383982e+02 -1.465218e+03 -1.196222e+02 -2.620353e+00 1.080676e+02 3.826076e+02 
1.004094e-01 -1.713025e+03 -5.992170e+02 2.072906e+03 9.472553e+01 1.170453e+03 2.303207e+03 -6.705916e+02 0.000000e+00 0.000000e+00 1.177892e+03 0.000000e+00 0.000000e+00 0.000000e+00 0.000000e+00 0.000000e+00 -1.382818e+02 -1.464396e+03 -1.217266e+02 1.833583e+01 1.093137e+02 3.880068e+02 
1.017468e-01 -1.712616e+03 -6.002048e+02 2.120191e+03 9.289187e+01 1.184264e+03 2.329310e+03 -6.727310e+02 0.000000e+00 0.000000e+00 1.187221e+03 0.000000e+00 0.000000e+00 0.000000e+00 0.000000e+00 0.000000e+00 -1.381530e+02 -1.462633e+03 -1.238515e+02 4.087361e+01 1.108208e+02 3.929343e+02 
1.030843e-01 -1.716106e+03 -6.011215e+02 2.149351e+03 9.114606e+01 1.198389e+03 2.348192e+03 -6.747622e+02 0.000000e+00 0.000000e+00 1.196650e+03 0.000000e+00 0.000000e+00 0.000000e+00 0.000000e+00 0.000000e+00 -1.380072e+02 -1.464810e+03 -1.260045e+02 5.244631e+01 1.126030e+02 3.978446e+02 
1.044217e-01 -1.722274e+03 -6.019666e+02 2.159341e+03 8.958103e+01 1.210938e+03 2.358785e+03 -6.766944e+02 0.000000e+00 0.000000e+00 1.205281e+03 0.000000e+00 0.000000e+00 0.000000e+00 0.000000e+00 0.000000e+00 -1.378445e+02 -1.469690e+03 -1.281610e+02 5.310685e+01 1.146514e+02 4.018269e+02 
1.057592e-01 -1.727784e+03 -6.027375e+02 2.173246e+03 8.820646e+01 1.223880e+03 2.370947e+03 -6.785279e+02 0.000000e+00 0.000000e+00 1.214179e+03 0.000000e+00 0.000000e+00 0.000000e+00 0.000000e+00 0.000000e+00 -1.376676e+02 -1.473942e+03 -1.303180e+02 5.613794e+01 1.169811e+02 4.058116e+02 
1.070967e-01 -1.732674e+03 -6.034710e+02 2.188217e+03 8.702703e+01 1.236246e+03 2.383327e+03 -6.802998e+02 0.000000e+00 0.000000e+00 1.222889e+03 0.000000e+00 0.000000e+00 0.000000e+00 0.000000e+00 0.000000e+00 -1.374787e+02 -1.477606e+03 -1.324645e+02 5.994035e+01 1.196022e+02 4.092631e+02 
1.084341e-01 -1.741141e+03 -6.041422e+02 2.183499e+03 8.613520e+01 1.248226e+03 2.387638e+03 -6.819946e+02 0.000000e+00 0.000000e+00 1.231511e+03 0.000000e+00 0.000000e+00 0.000000e+00 0.000000e+00 0.000000e+00 -1.372786e+02 -1.484855e+03 -1.345928e+02 5.213505e+01 1.224839e+02 4.123214e+02 
1.097716e-01 -1.750545e+03 -6.047320e+02 2.173878e+03 8.550532e+01 1.260330e+03 2.389935e+03 -6.835718e+02 0.000000e+00 0.000000e+00 1.240327e+03 0.000000e+00 0.000000e+00 0.000000e+00 0.000000e+00 0.000000e+00 -1.370630e+02 -1.493112e+03 -1.366838e+02 4.140782e+01 1.256119e+02 4.153029e+02 
1.111090e-01 -1.759534e+03 -6.052568e+02 2.161827e+03 8.514783e+01 1.271240e+03 2.390737e+03 -6.850732e+02 0.000000e+00 0.000000e+00 1.248635e+03 0.000000e+00 0.000000e+00 0.000000e+00 0.000000e+00 0.000000e+00 -1.368340e+02 -1.500954e+03 -1.387204e+02 2.965539e+01 1.289546e+02 4.175501e+02 
1.124465e-01 -1.768135e+03 -6.057253e+02 2.155144e+03 8.512390e+01 1.283090e+03 2.394071e+03 -6.864966e+02 0.000000e+00 0.000000e+00 1.257654e+03 0.000000e+00 0.000000e+00 0.000000e+00 0.000000e+00 0.000000e+00 -1.365946e+02 -1.508449e+03 -1.407186e+02 2.072763e+01 1.325164e+02 4.200212e+02 
1.137839e-01 -1.778437e+03 -6.061257e+02 2.133573e+03 8.537664e+01 1.293390e+03 2.390827e+03 -6.878310e+02 0.000000e+00 0.000000e+00 1.266045e+03 0.000000e+00 0.000000e+00 0.000000e+00 0.000000e+00 0.000000e+00 -1.363433e+02 -1.517681e+03 -1.426627e+02 3.513076e+00 1.362900e+02 4.215976e+02 
1.151214e-01 -1.788629e+03 -6.064426e+02 2.115179e+03 8.593044e+01 1.304527e+03 2.389035e+03 -6.890712e+02 0.000000e+00 0.000000e+00 1.274983e+03 0.000000e+00 0.000000e+00 0.000000e+00 0.000000e+00 0.000000e+00 -1.360779e+02 -1.526843e+03 -1.445243e+02 -1.210382e+01 1.401936e+02 4.234942e+02 
1.164589e-01 -1.798497e+03 -6.066909e+02 2.094577e+03 8.677382e+01 1.314623e+03 2.386011e+03 -6.902212e+02 0.000000e+00 0.000000e+00 1.283568e+03 0.000000e+00 0.000000e+00 0.000000e+00 0.000000e+00 0.000000e+00 -1.358011e+02 -1.535714e+03 -1.463086e+02 -2.865147e+01 1.442086e+02 4.247730e+02 
1.177963e-01 -1.807960e+03 -6.068707e+02 2.077460e+03 8.786829e+01 1.325162e+03 2.384507e+03 -6.912900e+02 0.000000e+00 0.000000e+00 1.292512e+03 0.000000e+00 0.000000e+00 0.000000e+00 0.000000e+00 0.000000e+00 -1.355140e+02 -1.544232e+03 -1.480247e+02 -4.330066e+01 1.483419e+02 4.262121e+02 
1.191338e-01 -1.816428e+03 -6.069774e+02 2.063429e+03 8.924679e+01 1.335085e+03 2.384013e+03 -6.922721e+02 0.000000e+00 0.000000e+00 1.301280e+03 0.000000e+00 0.000000e+00 0.000000e+00 0.000000e+00 0.000000e+00 -1.352163e+02 -1.551766e+03 -1.496513e+02 -5.595850e+01 1.525106e+02 4.272452e+02 
1.204712e-01 -1.824513e+03 -6.070015e+02 2.051992e+03 9.084012e+01 1.345273e+03 2.384643e+03 -6.931596e+02 0.000000e+00 0.000000e+00 1.310289e+03 0.000000e+00 0.000000e+00 0.000000e+00 0.000000e+00 0.000000e+00 -1.349061e+02 -1.558967e+03 -1.511928e+02 -6.712105e+01 1.566925e+02 4.283912e+02 
1.218087e-01 -1.832197e+03 -6.069629e+02 2.040544e+03 9.261391e+01 1.354922e+03 2.385007e+03 -6.939620e+02 0.000000e+00 0.000000e+00 1.319105e+03 0.000000e+00 0.000000e+00 0.000000e+00 0.000000e+00 0.000000e+00 -1.345887e+02 -1.565833e+03 -1.526416e+02 -7.811824e+01 1.608579e+02 4.293313e+02 
1.231462e-01 -1.838908e+03 -6.068394e+02 2.034834e+03 9.452508e+01 1.364738e+03 2.387798e+03 -6.946734e+02 0.000000e+00 0.000000e+00 1.328082e+03 0.000000e+00 0.000000e+00 0.000000e+00 0.000000e+00 0.000000e+00 -1.342588e+02 -1.571767e+03 -1.540038e+02 -8.578713e+01 1.649661e+02 4.303719e+02 
1.244836e-01 -1.842978e+03 -6.066363e+02 2.043023e+03 9.662587e+01 1.374216e+03 2.396130e+03 -6.952872e+02 0.000000e+00 0.000000e+00 1.336908e+03 0.000000e+00 0.000000e+00 0.000000e+00 0.000000e+00 0.000000e+00 -1.339186e+02 -1.575085e+03 -1.552741e+02 -8.516331e+01 1.689748e+02 4.313040e+02 
1.258211e-01 -1.846516e+03 -6.063656e+02 2.054047e+03 9.878855e+01 1.383806e+03 2.405563e+03 -6.958184e+02 0.000000e+00 0.000000e+00 1.345787e+03 0.000000e+00 0.000000e+00 0.000000e+00 0.000000e+00 0.000000e+00 -1.335706e+02 -1.577935e+03 -1.564555e+02 -8.291241e+01 1.728707e+02 4.323985e+02 
1.271585e-01 -1.849564e+03 -6.060258e+02 2.065950e+03 1.010060e+02 1.392972e+03 2.415135e+03 -6.962707e+02 0.000000e+00 0.000000e+00 1.354414e+03 0.000000e+00 0.000000e+00 0.000000e+00 0.000000e+00 0.000000e+00 -1.332145e+02 -1.580328e+03 -1.575534e+02 -7.995725e+01 1.766016e+02 4.333969e+02 
1.284960e-01 -1.850901e+03 -6.055979e+02 2.088420e+03 1.032338e+02 1.402461e+03 2.429126e+03 -6.966167e+02 0.000000e+00 0.000000e+00 1.363120e+03 0.000000e+00 0.000000e+00 0.000000e+00 0.000000e+00 0.000000e+00 -1.328472e+02 -1.581073e+03 -1.585668e+02 -7.083503e+01 1.801462e+02 4.346885e+02 
1.298334e-01 -1.849525e+03 -6.051104e+02 2.124179e+03 1.054289e+02 1.411243e+03 2.448226e+03 -6.968947e+02 0.000000e+00 0.000000e+00 1.371372e+03 0.000000e+00 0.000000e+00 0.000000e+00 0.000000e+00 0.000000e+00 -1.324731e+02 -1.579156e+03 -1.595098e+02 -5.369594e+01 1.834720e+02 4.358229e+02 
1.311709e-01 -1.847518e+03 -6.045506e+02 2.165458e+03 1.075460e+02 1.420658e+03 2.469782e+03 -6.970812e+02 0.000000e+00 0.000000e+00 1.379811e+03 0.000000e+00 0.000000e+00 0.000000e+00 0.000000e+00 0.000000e+00 -1.320901e+02 -1.576646e+03 -1.603745e+02 -3.344008e+01 1.865761e+02 4.374511e+02 
1.325084e-01 -1.844897e+03 -6.039278e+02 2.206436e+03 1.096073e+02 1.429057e+03 2.490778e+03 -6.971914e+02 0.000000e+00 0.000000e+00 1.387626e+03 0.000000e+00 0.000000e+00 0.000000e+00 0.000000e+00 0.000000e+00 -1.317004e+02 -1.573560e+03 -1.611807e+02 -1.302785e+01 1.894379e+02 4.387831e+02 
1.338458e-01 -1.840439e+03 -6.032385e+02 2.261385e+03 1.115063e+02 1.438455e+03 2.517799e+03 -6.972175e+02 0.000000e+00 0.000000e+00 1.395705e+03 0.000000e+00 0.000000e+00 0.000000e+00 0.000000e+00 0.000000e+00 -1.313034e+02 -1.568699e+03 -1.619247e+02 1.533343e+01 1.920313e+02 4.408297e+02 
1.351833e-01 -1.834209e+03 -6.024860e+02 2.321152e+03 1.132358e+02 1.446301e+03 2.546181e+03 -6.971802e+02 0.000000e+00 0.000000e+00 1.402811e+03 0.000000e+00 0.000000e+00 0.000000e+00 0.000000e+00 0.000000e+00 -1.308995e+02 -1.562095e+03 -1.626143e+02 4.701797e+01 1.943356e+02 4.423071e+02 
1.365207e-01 -1.827200e+03 -6.016715e+02 2.390008e+03 1.147808e+02 1.455546e+03 2.578733e+03 -6.970439e+02 0.000000e+00 0.000000e+00 1.410370e+03 0.000000e+00 0.000000e+00 0.000000e+00 0.000000e+00 0.000000e+00 -1.304891e+02 -1.554771e+03 -1.632636e+02 8.380730e+01 1.963809e+02 4.447610e+02 
1.378582e-01 -1.819473e+03 -6.008100e+02 2.456480e+03 1.161114e+02 1.463053e+03 2.609550e+03 -6.968535e+02 0.000000e+00 0.000000e+00 1.416844e+03 0.000000e+00 0.000000e+00 0.000000e+00 0.000000e+00 0.000000e+00 -1.300730e+02 -1.546765e+03 -1.638715e+02 1.196571e+02 1.981525e+02 4.465475e+02 
1.391957e-01 -1.810801e+03 -5.999072e+02 2.532441e+03 1.172502e+02 1.471679e+03 2.644540e+03 -6.966083e+02 0.000000e+00 0.000000e+00 1.423602e+03 0.000000e+00 0.000000e+00 0.000000e+00 0.000000e+00 0.000000e+00 -1.296530e+02 -1.537848e+03 -1.644448e+02 1.608407e+02 1.996621e+02 4.491469e+02 
1.405331e-01 -1.801242e+03 -5.989427e+02 2.609187e+03 1.181225e+02 1.479238e+03 2.679428e+03 -6.962745e+02 0.000000e+00 0.000000e+00 1.429547e+03 0.000000e+00 0.000000e+00 0.000000e+00 0.000000e+00 0.000000e+00 -1.292261e+02 -1.528081e+03 -1.649977e+02 2.029982e+02 2.009008e+02 4.514455e+02 
1.418706e-01 -1.790905e+03 -5.979351e+02 2.691329e+03 1.187285e+02 1.487094e+03 2.716466e+03 -6.958904e+02 0.000000e+00 0.000000e+00 1.435338e+03 0.000000e+00 0.000000e+00 0.000000e+00 0.000000e+00 0.000000e+00 -1.287935e+02 -1.517588e+03 -1.655423e+02 2.482067e+02 2.018827e+02 4.541054e+02 
1.432080e-01 -1.779793e+03 -5.968915e+02 2.777535e+03 1.191141e+02 1.494854e+03 2.755021e+03 -6.954561e+02 0.000000e+00 0.000000e+00 1.440815e+03 0.000000e+00 0.000000e+00 0.000000e+00 0.000000e+00 0.000000e+00 -1.283586e+02 -1.506341e+03 -1.660665e+02 2.959434e+02 2.026452e+02 4.569167e+02 
1.445455e-01 -1.769448e+03 -5.958138e+02 2.854992e+03 1.192348e+02 1.501827e+03 2.789549e+03 -6.949656e+02 0.000000e+00 0.000000e+00 1.445606e+03 0.000000e+00 0.000000e+00 0.000000e+00 0.000000e+00 0.000000e+00 -1.279190e+02 -1.495878e+03 -1.665965e+02 3.389816e+02 2.031876e+02 4.595696e+02 
1.458829e-01 -1.758696e+03 -5.947047e+02 2.937908e+03 1.191126e+02 1.509856e+03 2.826492e+03 -6.944231e+02 0.000000e+00 0.000000e+00 1.450689e+03 0.000000e+00 0.000000e+00 0.000000e+00 0.000000e+00 0.000000e+00 -1.274755e+02 -1.485058e+03 -1.671216e+02 3.851390e+02 2.035385e+02 4.629014e+02 
1.472204e-01 -1.747210e+03 -5.935715e+02 3.018541e+03 1.187274e+02 1.515960e+03 2.861832e+03 -6.938455e+02 0.000000e+00 0.000000e+00 1.454516e+03 0.000000e+00 0.000000e+00 0.000000e+00 0.000000e+00 0.000000e+00 -1.270310e+02 -1.473515e+03 -1.676522e+02 4.304303e+02 2.037206e+02 4.654360e+02 
1.485579e-01 -1.734988e+03 -5.924046e+02 3.107511e+03 1.181385e+02 1.523220e+03 2.900866e+03 -6.932116e+02 0.000000e+00 0.000000e+00 1.458701e+03 0.000000e+00 0.000000e+00 0.000000e+00 0.000000e+00 0.000000e+00 -1.265818e+02 -1.461279e+03 -1.682054e+02 4.803867e+02 2.037647e+02 4.686905e+02 
1.498953e-01 -1.725843e+03 -5.912172e+02 3.170170e+03 1.173412e+02 1.529388e+03 2.928159e+03 -6.925384e+02 0.000000e+00 0.000000e+00 1.462033e+03 0.000000e+00 0.000000e+00 0.000000e+00 0.000000e+00 0.000000e+00 -1.261302e+02 -1.452122e+03 -1.687650e+02 5.157383e+02 2.037023e+02 4.715394e+02 
1.512328e-01 -1.716164e+03 -5.900131e+02 3.236110e+03 1.163630e+02 1.535632e+03 2.956776e+03 -6.918369e+02 0.000000e+00 0.000000e+00 1.465238e+03 0.000000e+00 0.000000e+00 0.000000e+00 0.000000e+00 0.000000e+00 -1.256762e+02 -1.442465e+03 -1.693510e+02 5.530272e+02 2.035546e+02 4.744721e+02 
1.525702e-01 -1.705876e+03 -5.887929e+02 3.307434e+03 1.152062e+02 1.542227e+03 2.987713e+03 -6.910976e+02 0.000000e+00 0.000000e+00 1.468447e+03 0.000000e+00 0.000000e+00 0.000000e+00 0.000000e+00 0.000000e+00 -1.252200e+02 -1.432208e+03 -1.699473e+02 5.933790e+02 2.033451e+02 4.776891e+02 
1.539077e-01 -1.695626e+03 -5.875536e+02 3.372993e+03 1.139224e+02 1.547493e+03 3.015735e+03 -6.903204e+02 0.000000e+00 0.000000e+00 1.470763e+03 0.000000e+00 0.000000e+00 0.000000e+00 0.000000e+00 0.000000e+00 -1.247620e+02 -1.422008e+03 -1.705645e+02 6.308764e+02 2.031113e+02 4.803236e+02 
1.552452e-01 -1.689293e+03 -5.863037e+02 3.413108e+03 1.125138e+02 1.553742e+03 3.032896e+03 -6.895214e+02 0.000000e+00 0.000000e+00 1.473448e+03 0.000000e+00 0.000000e+00 0.000000e+00 0.000000e+00 0.000000e+00 -1.243028e+02 -1.415745e+03 -1.712142e+02 6.537361e+02 2.028643e+02 4.834229e+02 
1.565826e-01 -1.682506e+03 -5.850501e+02 3.451660e+03 1.110415e+02 1.558722e+03 3.048995e+03 -6.887063e+02 0.000000e+00 0.000000e+00 1.475400e+03 0.000000e+00 0.000000e+00 0.000000e+00 0.000000e+00 0.000000e+00 -1.238441e+02 -1.409011e+03 -1.718809e+02 6.761063e+02 2.026768e+02 4.859068e+02 
1.579201e-01 -1.675226e+03 -5.837809e+02 3.493986e+03 1.095029e+02 1.563876e+03 3.066741e+03 -6.878547e+02 0.000000e+00 0.000000e+00 1.477319e+03 0.000000e+00 0.000000e+00 0.000000e+00 0.000000e+00 0.000000e+00 -1.233809e+02 -1.401821e+03 -1.725736e+02 7.006459e+02 2.025435e+02 4.884566e+02 
1.592575e-01 -1.668907e+03 -5.825062e+02 3.530283e+03 1.079476e+02 1.569439e+03 3.081862e+03 -6.869777e+02 0.000000e+00 0.000000e+00 1.479372e+03 0.000000e+00 0.000000e+00 0.000000e+00 0.000000e+00 0.000000e+00 -1.229193e+02 -1.395597e+03 -1.732889e+02 7.217290e+02 2.024863e+02 4.911730e+02 
1.605950e-01 -1.665829e+03 -5.812172e+02 3.536280e+03 1.063837e+02 1.573464e+03 3.083446e+03 -6.860815e+02 0.000000e+00 0.000000e+00 1.480608e+03 0.000000e+00 0.000000e+00 0.000000e+00 0.000000e+00 0.000000e+00 -1.224553e+02 -1.392637e+03 -1.740114e+02 7.260534e+02 2.025122e+02 4.931049e+02 
1.619324e-01 -1.662448e+03 -5.799278e+02 3.548080e+03 1.048736e+02 1.578522e+03 3.087700e+03 -6.851618e+02 0.000000e+00 0.000000e+00 1.482314e+03 0.000000e+00 0.000000e+00 0.000000e+00 0.000000e+00 0.000000e+00 -1.219916e+02 -1.389367e+03 -1.747508e+02 7.334974e+02 2.026800e+02 4.953972e+02 
1.632699e-01 -1.658748e+03 -5.786401e+02 3.559749e+03 1.034261e+02 1.582799e+03 3.091742e+03 -6.842383e+02 0.000000e+00 0.000000e+00 1.483706e+03 0.000000e+00 0.000000e+00 0.000000e+00 0.000000e+00 0.000000e+00 -1.215275e+02 -1.385779e+03 -1.755171e+02 7.409931e+02 2.029908e+02 4.972315e+02 
1.646074e-01 -1.656427e+03 -5.773449e+02 3.559311e+03 1.020588e+02 1.586729e+03 3.090411e+03 -6.832922e+02 0.000000e+00 0.000000e+00 1.484894e+03 0.000000e+00 0.000000e+00 0.000000e+00 0.000000e+00 0.000000e+00 -1.210637e+02 -1.383589e+03 -1.762838e+02 7.417570e+02 2.034347e+02 4.988353e+02 
1.659448e-01 -1.656050e+03 -5.760335e+02 3.546929e+03 1.007575e+02 1.591537e+03 3.084064e+03 -6.823115e+02 0.000000e+00 0.000000e+00 1.486597e+03 0.000000e+00 0.000000e+00 0.000000e+00 0.000000e+00 0.000000e+00 -1.205993e+02 -1.383351e+03 -1.770503e+02 7.355311e+02 2.040190e+02 5.007230e+02 
1.672823e-01 -1.655462e+03 -5.747225e+02 3.529780e+03 9.962486e+01 1.594643e+03 3.075218e+03 -6.813182e+02 0.000000e+00 0.000000e+00 1.487484e+03 0.000000e+00 0.000000e+00 0.000000e+00 0.000000e+00 0.000000e+00 -1.201339e+02 -1.382907e+03 -1.778251e+02 7.271232e+02 2.047880e+02 5.016418e+02 
1.686197e-01 -1.654672e+03 -5.734052e+02 3.517156e+03 9.860911e+01 1.598437e+03 3.068575e+03 -6.803222e+02 0.000000e+00 0.000000e+00 1.488814e+03 0.000000e+00 0.000000e+00 0.000000e+00 0.000000e+00 0.000000e+00 -1.196682e+02 -1.382265e+03 -1.786025e+02 7.210440e+02 2.057324e+02 5.027653e+02 
1.699572e-01 -1.655050e+03 -5.720850e+02 3.496580e+03 9.773031e+01 1.602498e+03 3.058424e+03 -6.792964e+02 0.000000e+00 0.000000e+00 1.490341e+03 0.000000e+00 0.000000e+00 0.000000e+00 0.000000e+00 0.000000e+00 -1.192042e+02 -1.382799e+03 -1.793750e+02 7.104099e+02 2.068371e+02 5.039331e+02 
1.712946e-01 -1.656194e+03 -5.707422e+02 3.464821e+03 9.701575e+01 1.605244e+03 3.043168e+03 -6.782379e+02 0.000000e+00 0.000000e+00 1.491328e+03 0.000000e+00 0.000000e+00 0.000000e+00 0.000000e+00 0.000000e+00 -1.187381e+02 -1.384123e+03 -1.801194e+02 6.937177e+02 2.080557e+02 5.043250e+02 
1.726321e-01 -1.657213e+03 -5.694026e+02 3.437359e+03 9.647336e+01 1.608814e+03 3.029979e+03 -6.771798e+02 0.000000e+00 0.000000e+00 1.492828e+03 0.000000e+00 0.000000e+00 0.000000e+00 0.000000e+00 0.000000e+00 -1.182727e+02 -1.385312e+03 -1.808669e+02 6.792966e+02 2.094688e+02 5.049871e+02 
1.739696e-01 -1.658066e+03 -5.680566e+02 3.410650e+03 9.608750e+01 1.612118e+03 3.017086e+03 -6.761021e+02 0.000000e+00 0.000000e+00 1.494275e+03 0.000000e+00 0.000000e+00 0.000000e+00 0.000000e+00 0.000000e+00 -1.178071e+02 -1.386341e+03 -1.816005e+02 6.653061e+02 2.110493e+02 5.054153e+02 
1.753070e-01 -1.659358e+03 -5.666953e+02 3.377897e+03 9.587474e+01 1.614683e+03 3.001398e+03 -6.749995e+02 0.000000e+00 0.000000e+00 1.495484e+03 0.000000e+00 0.000000e+00 0.000000e+00 0.000000e+00 0.000000e+00 -1.173422e+02 -1.387830e+03 -1.823086e+02 6.480404e+02 2.127219e+02 5.053872e+02 
1.766445e-01 -1.660696e+03 -5.653163e+02 3.347707e+03 9.580465e+01 1.618048e+03 2.987012e+03 -6.738654e+02 0.000000e+00 0.000000e+00 1.497192e+03 0.000000e+00 0.000000e+00 0.000000e+00 0.000000e+00 0.000000e+00 -1.168769e+02 -1.389379e+03 -1.829862e+02 6.320153e+02 2.144949e+02 5.056460e+02 
1.779819e-01 -1.661909e+03 -5.639375e+02 3.316464e+03 9.593415e+01 1.620757e+03 2.972041e+03 -6.727346e+02 0.000000e+00 0.000000e+00 1.498674e+03 0.000000e+00 0.000000e+00 0.000000e+00 0.000000e+00 0.000000e+00 -1.164126e+02 -1.390805e+03 -1.836406e+02 6.155239e+02 2.164048e+02 5.054937e+02 
1.793194e-01 -1.662993e+03 -5.625479e+02 3.285423e+03 9.618740e+01 1.623153e+03 2.957153e+03 -6.715806e+02 0.000000e+00 0.000000e+00 1.500096e+03 0.000000e+00 0.000000e+00 0.000000e+00 0.000000e+00 0.000000e+00 -1.159496e+02 -1.392109e+03 -1.842688e+02 5.991584e+02 2.183894e+02 5.051048e+02 
1.806569e-01 -1.663338e+03 -5.611368e+02 3.263742e+03 9.657446e+01 1.626314e+03 2.946530e+03 -6.703959e+02 0.000000e+00 0.000000e+00 1.501987e+03 0.000000e+00 0.000000e+00 0.000000e+00 0.000000e+00 0.000000e+00 -1.154856e+02 -1.392693e+03 -1.848622e+02 5.878101e+02 2.204475e+02 5.050695e+02 
1.819943e-01 -1.663444e+03 -5.597160e+02 3.240818e+03 9.708478e+01 1.628557e+03 2.935136e+03 -6.691870e+02 0.000000e+00 0.000000e+00 1.503459e+03 0.000000e+00 0.000000e+00 0.000000e+00 0.000000e+00 0.000000e+00 -1.150212e+02 -1.393058e+03 -1.854273e+02 5.760188e+02 2.225312e+02 5.045485e+02 
1.833318e-01 -1.663413e+03 -5.582798e+02 3.218871e+03 9.770648e+01 1.630745e+03 2.924239e+03 -6.679641e+02 0.000000e+00 0.000000e+00 1.504975e+03 0.000000e+00 0.000000e+00 0.000000e+00 0.000000e+00 0.000000e+00 -1.145587e+02 -1.393282e+03 -1.859541e+02 5.647468e+02 2.246411e+02 5.039552e+02 
1.846692e-01 -1.663118e+03 -5.568321e+02 3.201984e+03 9.842208e+01 1.633634e+03 2.915700e+03 -6.667160e+02 0.000000e+00 0.000000e+00 1.506899e+03 0.000000e+00 0.000000e+00 0.000000e+00 0.000000e+00 0.000000e+00 -1.140955e+02 -1.393276e+03 -1.864455e+02 5.561041e+02 2.267687e+02 5.037170e+02 
1.860067e-01 -1.661088e+03 -5.553742e+02 3.197398e+03 9.921929e+01 1.635671e+03 2.912429e+03 -6.654553e+02 0.000000e+00 0.000000e+00 1.508443e+03 0.000000e+00 0.000000e+00 0.000000e+00 0.000000e+00 0.000000e+00 -1.136335e+02 -1.391523e+03 -1.869026e+02 5.544997e+02 2.288910e+02 5.030197e+02 
1.873441e-01 -1.658828e+03 -5.538938e+02 3.194564e+03 1.000525e+02 1.637640e+03 2.909932e+03 -6.641632e+02 0.000000e+00 0.000000e+00 1.509955e+03 0.000000e+00 0.000000e+00 0.000000e+00 0.000000e+00 0.000000e+00 -1.131719e+02 -1.389576e+03 -1.873209e+02 5.538906e+02 2.309508e+02 5.023631e+02 
1.886816e-01 -1.656354e+03 -5.524056e+02 3.196164e+03 1.009105e+02 1.640268e+03 2.909509e+03 -6.628548e+02 0.000000e+00 0.000000e+00 1.511801e+03 0.000000e+00 0.000000e+00 0.000000e+00 0.000000e+00 0.000000e+00 -1.127111e+02 -1.387422e+03 -1.877053e+02 5.555885e+02 2.329598e+02 5.020798e+02 
1.900191e-01 -1.653300e+03 -5.509002e+02 3.199824e+03 1.017977e+02 1.642084e+03 2.909830e+03 -6.615290e+02 0.000000e+00 0.000000e+00 1.513206e+03 0.000000e+00 0.000000e+00 0.000000e+00 0.000000e+00 0.000000e+00 -1.122509e+02 -1.384696e+03 -1.880550e+02 5.586214e+02 2.349076e+02 5.014353e+02 
1.913565e-01 -1.648568e+03 -5.493820e+02 3.218518e+03 1.026655e+02 1.643790e+03 2.916779e+03 -6.601812e+02 0.000000e+00 0.000000e+00 1.514544e+03 0.000000e+00 0.000000e+00 0.000000e+00 0.000000e+00 0.000000e+00 -1.117910e+02 -1.380311e+03 -1.883776e+02 5.699574e+02 2.367550e+02 5.008135e+02 
1.926940e-01 -1.643571e+03 -5.478545e+02 3.241592e+03 1.035263e+02 1.646166e+03 2.925802e+03 -6.588166e+02 0.000000e+00 0.000000e+00 1.516161e+03 0.000000e+00 0.000000e+00 0.000000e+00 0.000000e+00 0.000000e+00 -1.113327e+02 -1.375676e+03 -1.886679e+02 5.837356e+02 2.385108e+02 5.005761e+02 
1.940314e-01 -1.638299e+03 -5.463094e+02 3.264979e+03 1.043263e+02 1.647914e+03 2.934754e+03 -6.574270e+02 0.000000e+00 0.000000e+00 1.517404e+03 0.000000e+00 0.000000e+00 0.000000e+00 0.000000e+00 0.000000e+00 -1.108745e+02 -1.370783e+03 -1.889218e+02 5.977232e+02 2.401441e+02 5.001490e+02 
1.953689e-01 -1.632378e+03 -5.447483e+02 3.292989e+03 1.050619e+02 1.649342e+03 2.945718e+03 -6.560196e+02 0.000000e+00 0.000000e+00 1.518419e+03 0.000000e+00 0.000000e+00 0.000000e+00 0.000000e+00 0.000000e+00 -1.104160e+02 -1.365247e+03 -1.891473e+02 6.144416e+02 2.416423e+02 4.996681e+02 
1.967064e-01 -1.625462e+03 -5.431865e+02 3.332320e+03 1.057280e+02 1.651396e+03 2.961754e+03 -6.545975e+02 0.000000e+00 0.000000e+00 1.519635e+03 0.000000e+00 0.000000e+00 0.000000e+00 0.000000e+00 0.000000e+00 -1.099608e+02 -1.358731e+03 -1.893528e+02 6.372900e+02 2.430045e+02 4.996056e+02 
1.980438e-01 -1.618243e+03 -5.416148e+02 3.373299e+03 1.063083e+02 1.653158e+03 2.978468e+03 -6.531636e+02 0.000000e+00 0.000000e+00 1.520618e+03 0.000000e+00 0.000000e+00 0.000000e+00 0.000000e+00 0.000000e+00 -1.095055e+02 -1.351925e+03 -1.895381e+02 6.611444e+02 2.442523e+02 4.995158e+02 
1.993813e-01 -1.610731e+03 -5.400271e+02 3.414279e+03 1.067906e+02 1.654262e+03 2.994985e+03 -6.517028e+02 0.000000e+00 0.000000e+00 1.521172e+03 0.000000e+00 0.000000e+00 0.000000e+00 0.000000e+00 0.000000e+00 -1.090508e+02 -1.344834e+03 -1.896990e+02 6.851984e+02 2.453303e+02 4.992093e+02 
2.007187e-01 -1.602930e+03 -5.384340e+02 3.459789e+03 1.071615e+02 1.655913e+03 3.013582e+03 -6.502341e+02 0.000000e+00 0.000000e+00 1.521890e+03 0.000000e+00 0.000000e+00 0.000000e+00 0.000000e+00 0.000000e+00 -1.085978e+02 -1.337463e+03 -1.898383e+02 7.116546e+02 2.462684e+02 4.993128e+02 
2.020562e-01 -1.594824e+03 -5.368338e+02 3.508522e+03 1.074070e+02 1.657773e+03 3.033592e+03 -6.487501e+02 0.000000e+00 0.000000e+00 1.522578e+03 0.000000e+00 0.000000e+00 0.000000e+00 0.000000e+00 0.000000e+00 -1.081456e+02 -1.329811e+03 -1.899715e+02 7.399581e+02 2.470711e+02 4.996370e+02 
2.033936e-01 -1.586413e+03 -5.352335e+02 3.555724e+03 1.075531e+02 1.658492e+03 3.052636e+03 -6.472616e+02 0.000000e+00 0.000000e+00 1.522587e+03 0.000000e+00 0.000000e+00 0.000000e+00 0.000000e+00 0.000000e+00 -1.076952e+02 -1.321854e+03 -1.900913e+02 7.676559e+02 2.477454e+02 4.994978e+02 
2.047311e-01 -1.577705e+03 -5.336238e+02 3.607271e+03 1.075790e+02 1.659708e+03 3.073703e+03 -6.457570e+02 0.000000e+00 0.000000e+00 1.522707e+03 0.000000e+00 0.000000e+00 0.000000e+00 0.000000e+00 0.000000e+00 -1.072458e+02 -1.313610e+03 -1.902002e+02 7.976945e+02 2.482696e+02 4.997398e+02 
2.060686e-01 -1.569395e+03 -5.320084e+02 3.656754e+03 1.074711e+02 1.661493e+03 3.093874e+03 -6.442385e+02 0.000000e+00 0.000000e+00 1.523014e+03 0.000000e+00 0.000000e+00 0.000000e+00 0.000000e+00 0.000000e+00 -1.067968e+02 -1.305774e+03 -1.903001e+02 8.265256e+02 2.486813e+02 5.003568e+02 
2.074060e-01 -1.561132e+03 -5.303897e+02 3.700707e+03 1.072584e+02 1.662056e+03 3.111230e+03 -6.427095e+02 0.000000e+00 0.000000e+00 1.522554e+03 0.000000e+00 0.000000e+00 0.000000e+00 0.000000e+00 0.000000e+00 -1.063495e+02 -1.297988e+03 -1.903968e+02 8.525865e+02 2.489774e+02 5.004610e+02 
2.087435e-01 -1.552605e+03 -5.287743e+02 3.748133e+03 1.069266e+02 1.662852e+03 3.130200e+03 -6.411779e+02 0.000000e+00 0.000000e+00 1.522132e+03 0.000000e+00 0.000000e+00 0.000000e+00 0.000000e+00 0.000000e+00 -1.059043e+02 -1.289944e+03 -1.904881e+02 8.805921e+02 2.491554e+02 5.007964e+02 
2.100809e-01 -1.543786e+03 -5.271572e+02 3.799985e+03 1.064892e+02 1.664149e+03 3.151243e+03 -6.396434e+02 0.000000e+00 0.000000e+00 1.521863e+03 0.000000e+00 0.000000e+00 0.000000e+00 0.000000e+00 0.000000e+00 -1.054605e+02 -1.281618e+03 -1.905829e+02 9.109607e+02 2.492499e+02 5.014601e+02 
2.114184e-01 -1.536213e+03 -5.255404e+02 3.837271e+03 1.059581e+02 1.665015e+03 3.165525e+03 -6.380984e+02 0.000000e+00 0.000000e+00 1.521250e+03 0.000000e+00 0.000000e+00 0.000000e+00 0.000000e+00 0.000000e+00 -1.050178e+02 -1.274540e+03 -1.906758e+02 9.333983e+02 2.492634e+02 5.019649e+02 
2.127559e-01 -1.528718e+03 -5.239210e+02 3.871287e+03 1.053227e+02 1.665309e+03 3.178214e+03 -6.365418e+02 0.000000e+00 0.000000e+00 1.520252e+03 0.000000e+00 0.000000e+00 0.000000e+00 0.000000e+00 0.000000e+00 -1.045764e+02 -1.267551e+03 -1.907743e+02 9.542550e+02 2.492138e+02 5.022680e+02 
2.140933e-01 -1.520978e+03 -5.223045e+02 3.909620e+03 1.046197e+02 1.666104e+03 3.192880e+03 -6.349862e+02 0.000000e+00 0.000000e+00 1.519428e+03 0.000000e+00 0.000000e+00 0.000000e+00 0.000000e+00 0.000000e+00 -1.041373e+02 -1.260319e+03 -1.908698e+02 9.773796e+02 2.490986e+02 5.028738e+02 
2.154308e-01 -1.513001e+03 -5.206925e+02 3.951954e+03 1.038492e+02 1.667305e+03 3.209392e+03 -6.334267e+02 0.000000e+00 0.000000e+00 1.518746e+03 0.000000e+00 0.000000e+00 0.000000e+00 0.000000e+00 0.000000e+00 -1.036994e+02 -1.252849e+03 -1.909746e+02 1.002706e+03 2.489619e+02 5.037298e+02 
2.167682e-01 -1.507086e+03 -5.190816e+02 3.967452e+03 1.030215e+02 1.667118e+03 3.213430e+03 -6.318586e+02 0.000000e+00 0.000000e+00 1.517270e+03 0.000000e+00 0.000000e+00 0.000000e+00 0.000000e+00 0.000000e+00 -1.032628e+02 -1.247448e+03 -1.910867e+02 1.013586e+03 2.487866e+02 5.039119e+02 
2.181057e-01 -1.501028e+03 -5.174739e+02 3.986050e+03 1.021417e+02 1.667387e+03 3.219054e+03 -6.302952e+02 0.000000e+00 0.000000e+00 1.516003e+03 0.000000e+00 0.000000e+00 0.000000e+00 0.000000e+00 0.000000e+00 -1.028278e+02 -1.241898e+03 -1.912004e+02 1.026088e+03 2.486063e+02 5.043378e+02 
2.194431e-01 -1.494768e+03 -5.158695e+02 4.008408e+03 1.012431e+02 1.668136e+03 3.226452e+03 -6.287247e+02 0.000000e+00 0.000000e+00 1.514931e+03 0.000000e+00 0.000000e+00 0.000000e+00 0.000000e+00 0.000000e+00 -1.023950e+02 -1.236155e+03 -1.913143e+02 1.040588e+03 2.484018e+02 5.050117e+02 
2.207806e-01 -1.488623e+03 -5.142754e+02 4.027862e+03 1.003173e+02 1.668403e+03 3.232387e+03 -6.271563e+02 0.000000e+00 0.000000e+00 1.513599e+03 0.000000e+00 0.000000e+00 0.000000e+00 0.000000e+00 0.000000e+00 -1.019643e+02 -1.230529e+03 -1.914427e+02 1.053569e+03 2.482469e+02 5.054233e+02 
2.221181e-01 -1.484387e+03 -5.126834e+02 4.025062e+03 9.939722e+01 1.668118e+03 3.228144e+03 -6.255879e+02 0.000000e+00 0.000000e+00 1.511953e+03 0.000000e+00 0.000000e+00 0.000000e+00 0.000000e+00 0.000000e+00 -1.015351e+02 -1.226808e+03 -1.915735e+02 1.054518e+03 2.481037e+02 5.055774e+02 
2.234555e-01 -1.479989e+03 -5.110946e+02 4.025603e+03 9.848520e+01 1.668325e+03 3.225496e+03 -6.240163e+02 0.000000e+00 0.000000e+00 1.510561e+03 0.000000e+00 0.000000e+00 0.000000e+00 0.000000e+00 0.000000e+00 -1.011075e+02 -1.222931e+03 -1.917076e+02 1.057193e+03 2.479918e+02 5.059455e+02 
2.247930e-01 -1.475448e+03 -5.095110e+02 4.029803e+03 9.759623e+01 1.668994e+03 3.224512e+03 -6.224409e+02 0.000000e+00 0.000000e+00 1.509384e+03 0.000000e+00 0.000000e+00 0.000000e+00 0.000000e+00 0.000000e+00 -1.006821e+02 -1.218908e+03 -1.918381e+02 1.061775e+03 2.479151e+02 5.065356e+02 
2.261304e-01 -1.471308e+03 -5.079341e+02 4.024822e+03 9.673715e+01 1.668387e+03 3.219226e+03 -6.208703e+02 0.000000e+00 0.000000e+00 1.507590e+03 0.000000e+00 0.000000e+00 0.000000e+00 0.000000e+00 0.000000e+00 -1.002586e+02 -1.215292e+03 -1.919851e+02 1.061599e+03 2.479233e+02 5.064066e+02 
2.274679e-01 -1.468448e+03 -5.063597e+02 4.007149e+03 9.591321e+01 1.668033e+03 3.208235e+03 -6.192992e+02 0.000000e+00 0.000000e+00 1.505944e+03 0.000000e+00 0.000000e+00 0.000000e+00 0.000000e+00 0.000000e+00 -9.983592e+01 -1.212951e+03 -1.921319e+02 1.054440e+03 2.479823e+02 5.063734e+02 
2.288054e-01 -1.465465e+03 -5.047902e+02 3.992641e+03 9.513860e+01 1.668146e+03 3.198729e+03 -6.177240e+02 0.000000e+00 0.000000e+00 1.504546e+03 0.000000e+00 0.000000e+00 0.000000e+00 0.000000e+00 0.000000e+00 -9.941560e+01 -1.210494e+03 -1.922756e+02 1.048885e+03 2.481015e+02 5.065419e+02 
2.301428e-01 -1.462376e+03 -5.032244e+02 3.979748e+03 9.442799e+01 1.668309e+03 3.189980e+03 -6.161476e+02 0.000000e+00 0.000000e+00 1.503233e+03 0.000000e+00 0.000000e+00 0.000000e+00 0.000000e+00 0.000000e+00 -9.899755e+01 -1.207930e+03 -1.924148e+02 1.044226e+03 2.482750e+02 5.066824e+02 
2.314803e-01 -1.459731e+03 -5.016683e+02 3.958345e+03 9.379539e+01 1.667393e+03 3.177233e+03 -6.145783e+02 0.000000e+00 0.000000e+00 1.501418e+03 0.000000e+00 0.000000e+00 0.000000e+00 0.000000e+00 0.000000e+00 -9.858112e+01 -1.205804e+03 -1.925593e+02 1.035048e+03 2.485483e+02 5.062085e+02 
2.328177e-01 -1.457682e+03 -5.001144e+02 3.932317e+03 9.322004e+01 1.666929e+03 3.162413e+03 -6.130057e+02 0.000000e+00 0.000000e+00 1.499887e+03 0.000000e+00 0.000000e+00 0.000000e+00 0.000000e+00 0.000000e+00 -9.816684e+01 -1.204277e+03 -1.927056e+02 1.023252e+03 2.488948e+02 5.059100e+02 
2.341552e-01 -1.455528e+03 -4.985586e+02 3.909190e+03 9.271504e+01 1.666935e+03 3.149028e+03 -6.114285e+02 0.000000e+00 0.000000e+00 1.498619e+03 0.000000e+00 0.000000e+00 0.000000e+00 0.000000e+00 0.000000e+00 -9.775331e+01 -1.202659e+03 -1.928402e+02 1.013000e+03 2.492901e+02 5.058052e+02 
2.354926e-01 -1.453300e+03 -4.970102e+02 3.885823e+03 9.228453e+01 1.666525e+03 3.135534e+03 -6.098504e+02 0.000000e+00 0.000000e+00 1.497210e+03 0.000000e+00 0.000000e+00 0.000000e+00 0.000000e+00 0.000000e+00 -9.734269e+01 -1.200957e+03 -1.929656e+02 1.002637e+03 2.497595e+02 5.054173e+02 
2.368301e-01 -1.451261e+03 -4.954686e+02 3.858398e+03 9.194172e+01 1.665494e+03 3.120087e+03 -6.082792e+02 0.000000e+00 0.000000e+00 1.495537e+03 0.000000e+00 0.000000e+00 0.000000e+00 0.000000e+00 0.000000e+00 -9.693394e+01 -1.199444e+03 -1.930949e+02 9.901163e+02 2.503195e+02 5.046601e+02 
2.381676e-01 -1.449323e+03 -4.939267e+02 3.831847e+03 9.167370e+01 1.664912e+03 3.105161e+03 -6.067045e+02 0.000000e+00 0.000000e+00 1.494144e+03 0.000000e+00 0.000000e+00 0.000000e+00 0.000000e+00 0.000000e+00 -9.652664e+01 -1.198035e+03 -1.932151e+02 9.780430e+02 2.509355e+02 5.041235e+02 
2.395050e-01 -1.447309e+03 -4.923846e+02 3.808305e+03 9.146985e+01 1.664827e+03 3.091659e+03 -6.051276e+02 0.000000e+00 0.000000e+00 1.493056e+03 0.000000e+00 0.000000e+00 0.000000e+00 0.000000e+00 0.000000e+00 -9.612087e+01 -1.196555e+03 -1.933206e+02 9.674371e+02 2.515788e+02 5.037541e+02 
2.408425e-01 -1.445211e+03 -4.908473e+02 3.783448e+03 9.134379e+01 1.664021e+03 3.077482e+03 -6.035442e+02 0.000000e+00 0.000000e+00 1.491644e+03 0.000000e+00 0.000000e+00 0.000000e+00 0.000000e+00 0.000000e+00 -9.571796e+01 -1.194989e+03 -1.934149e+02 9.561994e+02 2.522868e+02 5.029924e+02 
2.421799e-01 -1.442890e+03 -4.893140e+02 3.760253e+03 9.128906e+01 1.662851e+03 3.064037e+03 -6.019671e+02 0.000000e+00 0.000000e+00 1.490122e+03 0.000000e+00 0.000000e+00 0.000000e+00 0.000000e+00 0.000000e+00 -9.531644e+01 -1.193203e+03 -1.935070e+02 9.458648e+02 2.530519e+02 5.019860e+02 
2.435174e-01 -1.440427e+03 -4.877797e+02 3.740729e+03 9.128780e+01 1.662152e+03 3.052353e+03 -6.003839e+02 0.000000e+00 0.000000e+00 1.488865e+03 0.000000e+00 0.000000e+00 0.000000e+00 0.000000e+00 0.000000e+00 -9.491610e+01 -1.191282e+03 -1.935839e+02 9.375510e+02 2.538379e+02 5.012177e+02 
2.448548e-01 -1.437877e+03 -4.862452e+02 3.724235e+03 9.133028e+01 1.661897e+03 3.042119e+03 -5.987984e+02 0.000000e+00 0.000000e+00 1.487860e+03 0.000000e+00 0.000000e+00 0.000000e+00 0.000000e+00 0.000000e+00 -9.451778e+01 -1.189276e+03 -1.936467e+02 9.307234e+02 2.546351e+02 5.006745e+02 
2.461923e-01 -1.435237e+03 -4.847148e+02 3.705891e+03 9.142970e+01 1.660820e+03 3.030970e+03 -5.972120e+02 0.000000e+00 0.000000e+00 1.486460e+03 0.000000e+00 0.000000e+00 0.000000e+00 0.000000e+00 0.000000e+00 -9.412146e+01 -1.187177e+03 -1.936993e+02 9.230174e+02 2.554604e+02 4.996596e+02 
2.475298e-01 -1.431963e+03 -4.831863e+02 3.694547e+03 9.157135e+01 1.659498e+03 3.022947e+03 -5.956273e+02 0.000000e+00 0.000000e+00 1.484974e+03 0.000000e+00 0.000000e+00 0.000000e+00 0.000000e+00 0.000000e+00 -9.372725e+01 -1.184447e+03 -1.937421e+02 9.191183e+02 2.563042e+02 4.985219e+02 
2.488672e-01 -1.428530e+03 -4.816546e+02 3.687313e+03 9.173149e+01 1.658635e+03 3.016962e+03 -5.940377e+02 0.000000e+00 0.000000e+00 1.483754e+03 0.000000e+00 0.000000e+00 0.000000e+00 0.000000e+00 0.000000e+00 -9.333422e+01 -1.181569e+03 -1.937666e+02 9.173367e+02 2.571281e+02 4.976440e+02 
2.502047e-01 -1.424994e+03 -4.801261e+02 3.683142e+03 9.191655e+01 1.658253e+03 3.012415e+03 -5.924436e+02 0.000000e+00 0.000000e+00 1.482764e+03 0.000000e+00 0.000000e+00 0.000000e+00 0.000000e+00 0.000000e+00 -9.294354e+01 -1.178588e+03 -1.937796e+02 9.171640e+02 2.579393e+02 4.969993e+02 
2.515421e-01 -1.421314e+03 -4.785985e+02 3.677610e+03 9.212333e+01 1.657044e+03 3.007038e+03 -5.908520e+02 0.000000e+00 0.000000e+00 1.481326e+03 0.000000e+00 0.000000e+00 0.000000e+00 0.000000e+00 0.000000e+00 -9.255442e+01 -1.175466e+03 -1.937801e+02 9.163688e+02 2.587443e+02 4.959507e+02 
2.528796e-01 -1.416903e+03 -4.770739e+02 3.680682e+03 9.232905e+01 1.655577e+03 3.005696e+03 -5.892594e+02 0.000000e+00 0.000000e+00 1.479801e+03 0.000000e+00 0.000000e+00 0.000000e+00 0.000000e+00 0.000000e+00 -9.216732e+01 -1.171607e+03 -1.937676e+02 9.202186e+02 2.595100e+02 4.947970e+02 
2.542171e-01 -1.412379e+03 -4.755491e+02 3.686984e+03 9.253170e+01 1.654552e+03 3.005883e+03 -5.876651e+02 0.000000e+00 0.000000e+00 1.478506e+03 0.000000e+00 0.000000e+00 0.000000e+00 0.000000e+00 0.000000e+00 -9.178205e+01 -1.167642e+03 -1.937424e+02 9.258059e+02 2.602395e+02 4.938968e+02 
2.555545e-01 -1.407737e+03 -4.740284e+02 3.696279e+03 9.271729e+01 1.653972e+03 3.007520e+03 -5.860697e+02 0.000000e+00 0.000000e+00 1.477410e+03 0.000000e+00 0.000000e+00 0.000000e+00 0.000000e+00 0.000000e+00 -9.139854e+01 -1.163565e+03 -1.937073e+02 9.329303e+02 2.609316e+02 4.932447e+02 
2.568920e-01 -1.402874e+03 -4.725047e+02 3.706098e+03 9.288585e+01 1.652789e+03 3.009270e+03 -5.844710e+02 0.000000e+00 0.000000e+00 1.475950e+03 0.000000e+00 0.000000e+00 0.000000e+00 0.000000e+00 0.000000e+00 -9.101665e+01 -1.159272e+03 -1.936596e+02 9.404251e+02 2.615801e+02 4.923487e+02 
2.582294e-01 -1.397574e+03 -4.709856e+02 3.719803e+03 9.303506e+01 1.651117e+03 3.012755e+03 -5.828755e+02 0.000000e+00 0.000000e+00 1.474256e+03 0.000000e+00 0.000000e+00 0.000000e+00 0.000000e+00 0.000000e+00 -9.063706e+01 -1.154540e+03 -1.936011e+02 9.500776e+02 2.621701e+02 4.912289e+02 
2.595669e-01 -1.392140e+03 -4.694680e+02 3.736936e+03 9.315180e+01 1.649884e+03 3.017853e+03 -5.812761e+02 0.000000e+00 0.000000e+00 1.472740e+03 0.000000e+00 0.000000e+00 0.000000e+00 0.000000e+00 0.000000e+00 -9.025909e+01 -1.149679e+03 -1.935324e+02 9.615156e+02 2.627047e+02 4.903933e+02 
2.609043e-01 -1.386581e+03 -4.679516e+02 3.756973e+03 9.322368e+01 1.649102e+03 3.024367e+03 -5.796796e+02 0.000000e+00 0.000000e+00 1.471379e+03 0.000000e+00 0.000000e+00 0.000000e+00 0.000000e+00 0.000000e+00 -8.988329e+01 -1.144693e+03 -1.934564e+02 9.745563e+02 2.631824e+02 4.898155e+02 
2.622418e-01 -1.380897e+03 -4.664381e+02 3.778154e+03 9.326599e+01 1.648118e+03 3.031295e+03 -5.780799e+02 0.000000e+00 0.000000e+00 1.469906e+03 0.000000e+00 0.000000e+00 0.000000e+00 0.000000e+00 0.000000e+00 -8.950880e+01 -1.139589e+03 -1.933747e+02 9.881344e+02 2.636045e+02 4.891713e+02 
2.635793e-01 -1.375101e+03 -4.649252e+02 3.797474e+03 9.325735e+01 1.646220e+03 3.037291e+03 -5.764805e+02 0.000000e+00 0.000000e+00 1.467959e+03 0.000000e+00 0.000000e+00 0.000000e+00 0.000000e+00 0.000000e+00 -8.913577e+01 -1.134370e+03 -1.932814e+02 1.000855e+03 2.639566e+02 4.881545e+02 
2.649167e-01 -1.369173e+03 -4.634144e+02 3.819919e+03 9.320525e+01 1.644741e+03 3.044744e+03 -5.748800e+02 0.000000e+00 0.000000e+00 1.466152e+03 0.000000e+00 0.000000e+00 0.000000e+00 0.000000e+00 0.000000e+00 -8.876498e+01 -1.129024e+03 -1.931815e+02 1.015255e+03 2.642429e+02 4.873950e+02 
2.662542e-01 -1.363111e+03 -4.619094e+02 3.845518e+03 9.310127e+01 1.643687e+03 3.053683e+03 -5.732803e+02 0.000000e+00 0.000000e+00 1.464494e+03 0.000000e+00 0.000000e+00 0.000000e+00 0.000000e+00 0.000000e+00 -8.839602e+01 -1.123548e+03 -1.930801e+02 1.031302e+03 2.644760e+02 4.868727e+02 
2.675916e-01 -1.357167e+03 -4.604081e+02 3.870941e+03 9.294899e+01 1.642971e+03 3.062629e+03 -5.716869e+02 0.000000e+00 0.000000e+00 1.462974e+03 0.000000e+00 0.000000e+00 0.000000e+00 0.000000e+00 0.000000e+00 -8.802870e+01 -1.118182e+03 -1.929720e+02 1.047298e+03 2.646535e+02 4.865950e+02 
2.689291e-01 -1.351309e+03 -4.589082e+02 3.889953e+03 9.274316e+01 1.640873e+03 3.068402e+03 -5.700905e+02 0.000000e+00 0.000000e+00 1.460729e+03 0.000000e+00 0.000000e+00 0.000000e+00 0.000000e+00 0.000000e+00 -8.766330e+01 -1.112914e+03 -1.928601e+02 1.059976e+03 2.647722e+02 4.856667e+02 
2.702666e-01 -1.345336e+03 -4.574115e+02 3.911871e+03 9.249119e+01 1.639160e+03 3.075605e+03 -5.684965e+02 0.000000e+00 0.000000e+00 1.458615e+03 0.000000e+00 0.000000e+00 0.000000e+00 0.000000e+00 0.000000e+00 -8.729937e+01 -1.107526e+03 -1.927435e+02 1.074228e+03 2.648322e+02 4.849734e+02 
2.716040e-01 -1.339244e+03 -4.559231e+02 3.937097e+03 9.219708e+01 1.637849e+03 3.084295e+03 -5.669093e+02 0.000000e+00 0.000000e+00 1.456659e+03 0.000000e+00 0.000000e+00 0.000000e+00 0.000000e+00 0.000000e+00 -8.693780e+01 -1.102018e+03 -1.926267e+02 1.090130e+03 2.648460e+02 4.845159e+02 
2.729415e-01 -1.333580e+03 -4.544384e+02 3.957805e+03 9.186209e+01 1.636880e+03 3.090951e+03 -5.653199e+02 0.000000e+00 0.000000e+00 1.454854e+03 0.000000e+00 0.000000e+00 0.000000e+00 0.000000e+00 0.000000e+00 -8.657821e+01 -1.096940e+03 -1.925083e+02 1.103598e+03 2.648211e+02 4.842824e+02 
2.742789e-01 -1.328060e+03 -4.529578e+02 3.973486e+03 9.148656e+01 1.635159e+03 3.095165e+03 -5.637309e+02 0.000000e+00 0.000000e+00 1.452613e+03 0.000000e+00 0.000000e+00 0.000000e+00 0.000000e+00 0.000000e+00 -8.622035e+01 -1.092013e+03 -1.923888e+02 1.114515e+03 2.647599e+02 4.837127e+02 
2.756164e-01 -1.322438e+03 -4.514808e+02 3.989736e+03 9.106361e+01 1.633188e+03 3.099598e+03 -5.621441e+02 0.000000e+00 0.000000e+00 1.450219e+03 0.000000e+00 0.000000e+00 0.000000e+00 0.000000e+00 0.000000e+00 -8.586357e+01 -1.086979e+03 -1.922659e+02 1.125720e+03 2.646523e+02 4.830395e+02 
2.769538e-01 -1.316716e+03 -4.500108e+02 4.009089e+03 9.061791e+01 1.631568e+03 3.105412e+03 -5.605657e+02 0.000000e+00 0.000000e+00 1.447973e+03 0.000000e+00 0.000000e+00 0.000000e+00 0.000000e+00 0.000000e+00 -8.550957e+01 -1.081842e+03 -1.921454e+02 1.138493e+03 2.645219e+02 4.825554e+02 
2.782913e-01 -1.311742e+03 -4.485454e+02 4.019316e+03 9.014331e+01 1.630320e+03 3.107158e+03 -5.589894e+02 0.000000e+00 0.000000e+00 1.445876e+03 0.000000e+00 0.000000e+00 0.000000e+00 0.000000e+00 0.000000e+00 -8.515674e+01 -1.077452e+03 -1.920258e+02 1.146437e+03 2.643709e+02 4.822969e+02 
2.796288e-01 -1.306853e+03 -4.470872e+02 4.028484e+03 8.964295e+01 1.629137e+03 3.108390e+03 -5.574151e+02 0.000000e+00 0.000000e+00 1.443815e+03 0.000000e+00 0.000000e+00 0.000000e+00 0.000000e+00 0.000000e+00 -8.480608e+01 -1.073148e+03 -1.919061e+02 1.153856e+03 2.642075e+02 4.820673e+02 
2.809662e-01 -1.301878e+03 -4.456339e+02 4.035458e+03 8.913198e+01 1.626879e+03 3.108446e+03 -5.558452e+02 0.000000e+00 0.000000e+00 1.441170e+03 0.000000e+00 0.000000e+00 0.000000e+00 0.000000e+00 0.000000e+00 -8.445700e+01 -1.068754e+03 -1.917884e+02 1.159994e+03 2.640308e+02 4.813190e+02 
2.823037e-01 -1.296799e+03 -4.441846e+02 4.044865e+03 8.860512e+01 1.624962e+03 3.109733e+03 -5.542750e+02 0.000000e+00 0.000000e+00 1.438686e+03 0.000000e+00 0.000000e+00 0.000000e+00 0.000000e+00 0.000000e+00 -8.410953e+01 -1.064263e+03 -1.916687e+02 1.167685e+03 2.638410e+02 4.807403e+02 
2.836411e-01 -1.292695e+03 -4.427423e+02 4.042025e+03 8.807065e+01 1.623369e+03 3.105298e+03 -5.527122e+02 0.000000e+00 0.000000e+00 1.436356e+03 0.000000e+00 0.000000e+00 0.000000e+00 0.000000e+00 0.000000e+00 -8.376421e+01 -1.060748e+03 -1.915519e+02 1.168660e+03 2.636554e+02 4.803395e+02 
2.849786e-01 -1.288543e+03 -4.413070e+02 4.041414e+03 8.754037e+01 1.622141e+03 3.102039e+03 -5.511557e+02 0.000000e+00 0.000000e+00 1.434205e+03 0.000000e+00 0.000000e+00 0.000000e+00 0.000000e+00 0.000000e+00 -8.342044e+01 -1.057177e+03 -1.914365e+02 1.170769e+03 2.634831e+02 4.801140e+02 
2.863161e-01 -1.284319e+03 -4.398780e+02 4.039799e+03 8.700949e+01 1.620269e+03 3.098125e+03 -5.496007e+02 0.000000e+00 0.000000e+00 1.431729e+03 0.000000e+00 0.000000e+00 0.000000e+00 0.000000e+00 0.000000e+00 -8.307895e+01 -1.053533e+03 -1.913237e+02 1.172438e+03 2.633255e+02 4.795485e+02 
2.876535e-01 -1.280138e+03 -4.384526e+02 4.036369e+03 8.649188e+01 1.618061e+03 3.093430e+03 -5.480491e+02 0.000000e+00 0.000000e+00 1.429104e+03 0.000000e+00 0.000000e+00 0.000000e+00 0.000000e+00 0.000000e+00 -8.273877e+01 -1.049931e+03 -1.912049e+02 1.173154e+03 2.631666e+02 4.788312e+02 
2.889910e-01 -1.276704e+03 -4.370330e+02 4.023857e+03 8.598209e+01 1.616144e+03 3.084512e+03 -5.465016e+02 0.000000e+00 0.000000e+00 1.426619e+03 0.000000e+00 0.000000e+00 0.000000e+00 0.000000e+00 0.000000e+00 -8.240018e+01 -1.047075e+03 -1.910896e+02 1.168961e+03 2.630247e+02 4.782389e+02 
2.903284e-01 -1.273206e+03 -4.356215e+02 4.013476e+03 8.549216e+01 1.614568e+03 3.076653e+03 -5.449581e+02 0.000000e+00 0.000000e+00 1.424338e+03 0.000000e+00 0.000000e+00 0.000000e+00 0.000000e+00 0.000000e+00 -8.206375e+01 -1.044155e+03 -1.909756e+02 1.165869e+03 2.629136e+02 4.777952e+02 
2.916659e-01 -1.269651e+03 -4.342184e+02 4.005534e+03 8.502681e+01 1.613294e+03 3.069989e+03 -5.434225e+02 0.000000e+00 0.000000e+00 1.422221e+03 0.000000e+00 0.000000e+00 0.000000e+00 0.000000e+00 0.000000e+00 -8.172971e+01 -1.041175e+03 -1.908644e+02 1.164026e+03 2.628298e+02 4.774791e+02 
2.930033e-01 -1.266215e+03 -4.328184e+02 3.991940e+03 8.458799e+01 1.610918e+03 3.060551e+03 -5.418881e+02 0.000000e+00 0.000000e+00 1.419557e+03 0.000000e+00 0.000000e+00 0.000000e+00 0.000000e+00 0.000000e+00 -8.139696e+01 -1.038314e+03 -1.907478e+02 1.159316e+03 2.627684e+02 4.765898e+02 
2.943408e-01 -1.263178e+03 -4.314217e+02 3.973361e+03 8.416963e+01 1.608708e+03 3.048825e+03 -5.403559e+02 0.000000e+00 0.000000e+00 1.417010e+03 0.000000e+00 0.000000e+00 0.000000e+00 0.000000e+00 0.000000e+00 -8.106551e+01 -1.035856e+03 -1.906283e+02 1.151863e+03 2.627227e+02 4.757745e+02 
2.956783e-01 -1.260102e+03 -4.300311e+02 3.956796e+03 8.377710e+01 1.606753e+03 3.038084e+03 -5.388278e+02 0.000000e+00 0.000000e+00 1.414600e+03 0.000000e+00 0.000000e+00 0.000000e+00 0.000000e+00 0.000000e+00 -8.073576e+01 -1.033347e+03 -1.905120e+02 1.145466e+03 2.627109e+02 4.750748e+02 
2.970157e-01 -1.256976e+03 -4.286501e+02 3.942577e+03 8.342083e+01 1.605139e+03 3.028500e+03 -5.373082e+02 0.000000e+00 0.000000e+00 1.412396e+03 0.000000e+00 0.000000e+00 0.000000e+00 0.000000e+00 0.000000e+00 -8.040799e+01 -1.030793e+03 -1.903960e+02 1.140262e+03 2.627357e+02 4.744926e+02 
2.983532e-01 -1.253929e+03 -4.272717e+02 3.927678e+03 8.309553e+01 1.603608e+03 3.018616e+03 -5.357881e+02 0.000000e+00 0.000000e+00 1.410247e+03 0.000000e+00 0.000000e+00 0.000000e+00 0.000000e+00 0.000000e+00 -8.008218e+01 -1.028316e+03 -1.902738e+02 1.134667e+03 2.627853e+02 4.739411e+02 
2.996906e-01 -1.251010e+03 -4.258972e+02 3.907577e+03 8.280004e+01 1.601077e+03 3.006200e+03 -5.342723e+02 0.000000e+00 0.000000e+00 1.407618e+03 0.000000e+00 0.000000e+00 0.000000e+00 0.000000e+00 0.000000e+00 -7.975803e+01 -1.025967e+03 -1.901482e+02 1.126392e+03 2.628486e+02 4.728796e+02 
3.010281e-01 -1.248050e+03 -4.245274e+02 3.889368e+03 8.253138e+01 1.598828e+03 2.994726e+03 -5.327607e+02 0.000000e+00 0.000000e+00 1.405143e+03 0.000000e+00 0.000000e+00 0.000000e+00 0.000000e+00 0.000000e+00 -7.943522e+01 -1.023574e+03 -1.900203e+02 1.119121e+03 2.629428e+02 4.719414e+02 
3.023656e-01 -1.245050e+03 -4.231664e+02 3.873320e+03 8.230089e+01 1.596843e+03 2.984318e+03 -5.312561e+02 0.000000e+00 0.000000e+00 1.402862e+03 0.000000e+00 0.000000e+00 0.000000e+00 0.000000e+00 0.000000e+00 -7.911472e+01 -1.021143e+03 -1.898937e+02 1.112904e+03 2.630683e+02 4.710996e+02 
3.037030e-01 -1.242029e+03 -4.218093e+02 3.858850e+03 8.209924e+01 1.595138e+03 2.974685e+03 -5.297534e+02 0.000000e+00 0.000000e+00 1.400723e+03 0.000000e+00 0.000000e+00 0.000000e+00 0.000000e+00 0.000000e+00 -7.879564e+01 -1.018690e+03 -1.897621e+02 1.107480e+03 2.632112e+02 4.703829e+02 
3.050405e-01 -1.238970e+03 -4.204540e+02 3.844905e+03 8.191886e+01 1.593365e+03 2.965289e+03 -5.282498e+02 0.000000e+00 0.000000e+00 1.398567e+03 0.000000e+00 0.000000e+00 0.000000e+00 0.000000e+00 0.000000e+00 -7.847793e+01 -1.016202e+03 -1.896241e+02 1.102358e+03 2.633665e+02 4.696264e+02 
3.063779e-01 -1.235869e+03 -4.191018e+02 3.828948e+03 8.176249e+01 1.590793e+03 2.954890e+03 -5.267482e+02 0.000000e+00 0.000000e+00 1.396029e+03 0.000000e+00 0.000000e+00 0.000000e+00 0.000000e+00 0.000000e+00 -7.816163e+01 -1.013669e+03 -1.894809e+02 1.096255e+03 2.635303e+02 4.684622e+02 
3.077154e-01 -1.232728e+03 -4.177572e+02 3.815032e+03 8.162459e+01 1.588499e+03 2.945485e+03 -5.252560e+02 0.000000e+00 0.000000e+00 1.393652e+03 0.000000e+00 0.000000e+00 0.000000e+00 0.000000e+00 0.000000e+00 -7.784738e+01 -1.011092e+03 -1.893380e+02 1.091183e+03 2.637193e+02 4.674184e+02 
3.090528e-01 -1.229459e+03 -4.164194e+02 3.804454e+03 8.152050e+01 1.586441e+03 2.937706e+03 -5.237696e+02 0.000000e+00 0.000000e+00 1.391423e+03 0.000000e+00 0.000000e+00 0.000000e+00 0.000000e+00 0.000000e+00 -7.753512e+01 -1.008386e+03 -1.891906e+02 1.087800e+03 2.639143e+02 4.664786e+02 
3.103903e-01 -1.226102e+03 -4.150834e+02 3.796187e+03 8.142421e+01 1.584638e+03 2.931013e+03 -5.222826e+02 0.000000e+00 0.000000e+00 1.389324e+03 0.000000e+00 0.000000e+00 0.000000e+00 0.000000e+00 0.000000e+00 -7.722447e+01 -1.005596e+03 -1.890372e+02 1.085725e+03 2.641037e+02 4.656713e+02 
3.117278e-01 -1.222686e+03 -4.137502e+02 3.788828e+03 8.134017e+01 1.582752e+03 2.924722e+03 -5.207949e+02 0.000000e+00 0.000000e+00 1.387171e+03 0.000000e+00 0.000000e+00 0.000000e+00 0.000000e+00 0.000000e+00 -7.691506e+01 -1.002744e+03 -1.888767e+02 1.084008e+03 2.642963e+02 4.648242e+02 
3.130652e-01 -1.219229e+03 -4.124223e+02 3.779647e+03 8.126663e+01 1.580135e+03 2.917577e+03 -5.193150e+02 0.000000e+00 0.000000e+00 1.384684e+03 0.000000e+00 0.000000e+00 0.000000e+00 0.000000e+00 0.000000e+00 -7.660734e+01 -9.998517e+02 -1.887154e+02 1.081497e+03 2.644900e+02 4.636077e+02 
3.144027e-01 -1.215568e+03 -4.111010e+02 3.774980e+03 8.120301e+01 1.577756e+03 2.912522e+03 -5.178411e+02 0.000000e+00 0.000000e+00 1.382316e+03 0.000000e+00 0.000000e+00 0.000000e+00 0.000000e+00 0.000000e+00 -7.630144e+01 -9.967529e+02 -1.885498e+02 1.081260e+03 2.646804e+02 4.624988e+02 
3.157401e-01 -1.211832e+03 -4.097816e+02 3.772572e+03 8.114285e+01 1.575619e+03 2.908590e+03 -5.163678e+02 0.000000e+00 0.000000e+00 1.380074e+03 0.000000e+00 0.000000e+00 0.000000e+00 0.000000e+00 0.000000e+00 -7.599706e+01 -9.935777e+02 -1.883782e+02 1.082211e+03 2.648543e+02 4.615381e+02 
3.170776e-01 -1.208033e+03 -4.084659e+02 3.772076e+03 8.108132e+01 1.573685e+03 2.905574e+03 -5.148967e+02 0.000000e+00 0.000000e+00 1.377932e+03 0.000000e+00 0.000000e+00 0.000000e+00 0.000000e+00 0.000000e+00 -7.569427e+01 -9.903454e+02 -1.881997e+02 1.084171e+03 2.650176e+02 4.606960e+02 
3.184151e-01 -1.204173e+03 -4.071547e+02 3.773005e+03 8.101437e+01 1.571841e+03 2.903222e+03 -5.134285e+02 0.000000e+00 0.000000e+00 1.375824e+03 0.000000e+00 0.000000e+00 0.000000e+00 0.000000e+00 0.000000e+00 -7.539281e+01 -9.870509e+02 -1.880201e+02 1.086895e+03 2.651680e+02 4.598958e+02 
3.197525e-01 -1.200142e+03 -4.058491e+02 3.773831e+03 8.094617e+01 1.569151e+03 2.900793e+03 -5.119663e+02 0.000000e+00 0.000000e+00 1.373310e+03 0.000000e+00 0.000000e+00 0.000000e+00 0.000000e+00 0.000000e+00 -7.509333e+01 -9.835825e+02 -1.878376e+02 1.089646e+03 2.653030e+02 4.586829e+02 
3.210900e-01 -1.196055e+03 -4.045478e+02 3.776647e+03 8.087174e+01 1.566671e+03 2.899232e+03 -5.105079e+02 0.000000e+00 0.000000e+00 1.370888e+03 0.000000e+00 0.000000e+00 0.000000e+00 0.000000e+00 0.000000e+00 -7.479543e+01 -9.800531e+02 -1.876487e+02 1.093376e+03 2.654155e+02 4.576047e+02 
3.224274e-01 -1.191910e+03 -4.032496e+02 3.781300e+03 8.078205e+01 1.564432e+03 2.898642e+03 -5.090523e+02 0.000000e+00 0.000000e+00 1.368566e+03 0.000000e+00 0.000000e+00 0.000000e+00 0.000000e+00 0.000000e+00 -7.449897e+01 -9.764697e+02 -1.874562e+02 1.098103e+03 2.654999e+02 4.566564e+02 
3.237649e-01 -1.187706e+03 -4.019558e+02 3.787852e+03 8.067778e+01 1.562407e+03 2.898962e+03 -5.075993e+02 0.000000e+00 0.000000e+00 1.366340e+03 0.000000e+00 0.000000e+00 0.000000e+00 0.000000e+00 0.000000e+00 -7.420403e+01 -9.728276e+02 -1.872600e+02 1.103816e+03 2.655671e+02 4.558374e+02 
3.251023e-01 -1.183463e+03 -4.006666e+02 3.796081e+03 8.055902e+01 1.560614e+03 2.900041e+03 -5.061501e+02 0.000000e+00 0.000000e+00 1.364225e+03 0.000000e+00 0.000000e+00 0.000000e+00 0.000000e+00 0.000000e+00 -7.391070e+01 -9.691447e+02 -1.870625e+02 1.110355e+03 2.656113e+02 4.551484e+02 
3.264398e-01 -1.179161e+03 -3.993830e+02 3.802070e+03 8.042712e+01 1.557930e+03 2.900015e+03 -5.047048e+02 0.000000e+00 0.000000e+00 1.361646e+03 0.000000e+00 0.000000e+00 0.000000e+00 0.000000e+00 0.000000e+00 -7.361902e+01 -9.654017e+02 -1.868606e+02 1.115802e+03 2.656324e+02 4.540243e+02 
3.277773e-01 -1.174800e+03 -3.981030e+02 3.809600e+03 8.027510e+01 1.555355e+03 2.900722e+03 -5.032645e+02 0.000000e+00 0.000000e+00 1.359107e+03 0.000000e+00 0.000000e+00 0.000000e+00 0.000000e+00 0.000000e+00 -7.332873e+01 -9.615993e+02 -1.866576e+02 1.122090e+03 2.656263e+02 4.529853e+02 
3.291147e-01 -1.170458e+03 -3.968267e+02 3.817792e+03 8.010706e+01 1.553008e+03 2.901742e+03 -5.018255e+02 0.000000e+00 0.000000e+00 1.356681e+03 0.000000e+00 0.000000e+00 0.000000e+00 0.000000e+00 0.000000e+00 -7.303999e+01 -9.578184e+02 -1.864506e+02 1.128675e+03 2.655921e+02 4.520866e+02 
3.304522e-01 -1.166201e+03 -3.955560e+02 3.825423e+03 7.991748e+01 1.550861e+03 2.902528e+03 -5.003932e+02 0.000000e+00 0.000000e+00 1.354325e+03 0.000000e+00 0.000000e+00 0.000000e+00 0.000000e+00 0.000000e+00 -7.275275e+01 -9.541154e+02 -1.862427e+02 1.134958e+03 2.655346e+02 4.513085e+02 
3.317896e-01 -1.161882e+03 -3.942907e+02 3.835051e+03 7.971158e+01 1.548954e+03 2.904316e+03 -4.989653e+02 0.000000e+00 0.000000e+00 1.352076e+03 0.000000e+00 0.000000e+00 0.000000e+00 0.000000e+00 0.000000e+00 -7.246713e+01 -9.503540e+02 -1.860337e+02 1.142283e+03 2.654598e+02 4.506540e+02 
3.331271e-01 -1.157505e+03 -3.930295e+02 3.843984e+03 7.948787e+01 1.546546e+03 2.905692e+03 -4.975412e+02 0.000000e+00 0.000000e+00 1.349565e+03 0.000000e+00 0.000000e+00 0.000000e+00 0.000000e+00 0.000000e+00 -7.218284e+01 -9.465315e+02 -1.858224e+02 1.149284e+03 2.653606e+02 4.497806e+02 
3.344645e-01 -1.153266e+03 -3.917732e+02 3.849673e+03 7.924913e+01 1.543863e+03 2.905507e+03 -4.961196e+02 0.000000e+00 0.000000e+00 1.346901e+03 0.000000e+00 0.000000e+00 0.000000e+00 0.000000e+00 0.000000e+00 -7.190026e+01 -9.428472e+02 -1.856087e+02 1.154583e+03 2.652357e+02 4.487869e+02 
3.358020e-01 -1.149158e+03 -3.905225e+02 3.854090e+03 7.899253e+01 1.541393e+03 2.904763e+03 -4.947034e+02 0.000000e+00 0.000000e+00 1.344328e+03 0.000000e+00 0.000000e+00 0.000000e+00 0.000000e+00 0.000000e+00 -7.161933e+01 -9.392928e+02 -1.853941e+02 1.159191e+03 2.650924e+02 4.479106e+02 
3.371395e-01 -1.144995e+03 -3.892769e+02 3.860291e+03 7.872006e+01 1.539133e+03 2.904883e+03 -4.932937e+02 0.000000e+00 0.000000e+00 1.341859e+03 0.000000e+00 0.000000e+00 0.000000e+00 0.000000e+00 0.000000e+00 -7.133974e+01 -9.356828e+02 -1.851806e+02 1.164719e+03 2.649346e+02 4.471544e+02 
3.384769e-01 -1.140779e+03 -3.880361e+02 3.868389e+03 7.843111e+01 1.537085e+03 2.905913e+03 -4.918867e+02 0.000000e+00 0.000000e+00 1.339475e+03 0.000000e+00 0.000000e+00 0.000000e+00 0.000000e+00 0.000000e+00 -7.106170e+01 -9.320173e+02 -1.849666e+02 1.171250e+03 2.647625e+02 4.465167e+02 
3.398144e-01 -1.136818e+03 -3.868000e+02 3.872375e+03 7.813509e+01 1.535065e+03 2.905009e+03 -4.904832e+02 0.000000e+00 0.000000e+00 1.337092e+03 0.000000e+00 0.000000e+00 0.000000e+00 0.000000e+00 0.000000e+00 -7.078490e+01 -9.286044e+02 -1.847508e+02 1.175564e+03 2.645752e+02 4.459067e+02 
3.411518e-01 -1.132961e+03 -3.855691e+02 3.871817e+03 7.782185e+01 1.532264e+03 2.901911e+03 -4.890849e+02 0.000000e+00 0.000000e+00 1.334322e+03 0.000000e+00 0.000000e+00 0.000000e+00 0.000000e+00 0.000000e+00 -7.050968e+01 -9.252954e+02 -1.845345e+02 1.177587e+03 2.643775e+02 4.449107e+02 
3.424893e-01 -1.129055e+03 -3.843428e+02 3.872949e+03 7.750482e+01 1.529653e+03 2.899580e+03 -4.876894e+02 0.000000e+00 0.000000e+00 1.331629e+03 0.000000e+00 0.000000e+00 0.000000e+00 0.000000e+00 0.000000e+00 -7.023571e+01 -9.219347e+02 -1.843199e+02 1.180472e+03 2.641729e+02 4.440173e+02 
3.438268e-01 -1.125104e+03 -3.831211e+02 3.875849e+03 7.718151e+01 1.527253e+03 2.898161e+03 -4.862999e+02 0.000000e+00 0.000000e+00 1.329040e+03 0.000000e+00 0.000000e+00 0.000000e+00 0.000000e+00 0.000000e+00 -6.996327e+01 -9.185295e+02 -1.841037e+02 1.184255e+03 2.639560e+02 4.432412e+02 
3.451642e-01 -1.121495e+03 -3.819065e+02 3.873759e+03 7.685247e+01 1.525049e+03 2.894389e+03 -4.849169e+02 0.000000e+00 0.000000e+00 1.326549e+03 0.000000e+00 0.000000e+00 0.000000e+00 0.000000e+00 0.000000e+00 -6.969234e+01 -9.154649e+02 -1.838875e+02 1.185389e+03 2.637373e+02 4.425690e+02 
3.465017e-01 -1.117927e+03 -3.806960e+02 3.871966e+03 7.652068e+01 1.523060e+03 2.890797e+03 -4.835363e+02 0.000000e+00 0.000000e+00 1.324173e+03 0.000000e+00 0.000000e+00 0.000000e+00 0.000000e+00 0.000000e+00 -6.942283e+01 -9.124374e+02 -1.836730e+02 1.186642e+03 2.635198e+02 4.419910e+02 
3.478391e-01 -1.114312e+03 -3.794908e+02 3.869260e+03 7.618664e+01 1.520586e+03 2.886734e+03 -4.821600e+02 0.000000e+00 0.000000e+00 1.321537e+03 0.000000e+00 0.000000e+00 0.000000e+00 0.000000e+00 0.000000e+00 -6.915461e+01 -9.093645e+02 -1.834578e+02 1.187469e+03 2.633049e+02 4.411843e+02 
3.491766e-01 -1.110659e+03 -3.782904e+02 3.866501e+03 7.585236e+01 1.517831e+03 2.882622e+03 -4.807874e+02 0.000000e+00 0.000000e+00 1.318769e+03 0.000000e+00 0.000000e+00 0.000000e+00 0.000000e+00 0.000000e+00 -6.888787e+01 -9.062496e+02 -1.832422e+02 1.188297e+03 2.630818e+02 4.402364e+02 
3.505140e-01 -1.107400e+03 -3.770954e+02 3.857715e+03 7.552287e+01 1.515265e+03 2.875669e+03 -4.794218e+02 0.000000e+00 0.000000e+00 1.316099e+03 0.000000e+00 0.000000e+00 0.000000e+00 0.000000e+00 0.000000e+00 -6.862252e+01 -9.035287e+02 -1.830257e+02 1.185893e+03 2.628649e+02 4.393799e+02 
3.518515e-01 -1.104116e+03 -3.759066e+02 3.850402e+03 7.520181e+01 1.512894e+03 2.869482e+03 -4.780626e+02 0.000000e+00 0.000000e+00 1.313537e+03 0.000000e+00 0.000000e+00 0.000000e+00 0.000000e+00 0.000000e+00 -6.835873e+01 -9.007809e+02 -1.828103e+02 1.184263e+03 2.626514e+02 4.386153e+02 
3.531890e-01 -1.100798e+03 -3.747228e+02 3.844797e+03 7.488591e+01 1.510737e+03 2.864096e+03 -4.767071e+02 0.000000e+00 0.000000e+00 1.311088e+03 0.000000e+00 0.000000e+00 0.000000e+00 0.000000e+00 0.000000e+00 -6.809644e+01 -8.979953e+02 -1.825957e+02 1.183476e+03 2.624475e+02 4.379504e+02 
3.545264e-01 -1.097482e+03 -3.735430e+02 3.839922e+03 7.457403e+01 1.508784e+03 2.859121e+03 -4.753538e+02 0.000000e+00 0.000000e+00 1.308735e+03 0.000000e+00 0.000000e+00 0.000000e+00 0.000000e+00 0.000000e+00 -6.783535e+01 -8.952139e+02 -1.823786e+02 1.183055e+03 2.622467e+02 4.373771e+02 
3.558639e-01 -1.094447e+03 -3.723692e+02 3.827172e+03 7.426921e+01 1.505967e+03 2.850308e+03 -4.740056e+02 0.000000e+00 0.000000e+00 1.305971e+03 0.000000e+00 0.000000e+00 0.000000e+00 0.000000e+00 0.000000e+00 -6.757580e+01 -8.927094e+02 -1.821623e+02 1.178582e+03 2.620565e+02 4.363792e+02 
3.572013e-01 -1.091384e+03 -3.712001e+02 3.815471e+03 7.398064e+01 1.503236e+03 2.842058e+03 -4.726630e+02 0.000000e+00 0.000000e+00 1.303254e+03 0.000000e+00 0.000000e+00 0.000000e+00 0.000000e+00 0.000000e+00 -6.731759e+01 -8.901754e+02 -1.819462e+02 1.174644e+03 2.618769e+02 4.354093e+02 
3.585388e-01 -1.088293e+03 -3.700363e+02 3.805499e+03 7.370205e+01 1.500690e+03 2.834586e+03 -4.713256e+02 0.000000e+00 0.000000e+00 1.300655e+03 0.000000e+00 0.000000e+00 0.000000e+00 0.000000e+00 0.000000e+00 -6.706053e+01 -8.876133e+02 -1.817309e+02 1.171534e+03 2.617067e+02 4.345254e+02 
3.598763e-01 -1.085234e+03 -3.688764e+02 3.795544e+03 7.343109e+01 1.498323e+03 2.827226e+03 -4.699911e+02 0.000000e+00 0.000000e+00 1.298134e+03 0.000000e+00 0.000000e+00 0.000000e+00 0.000000e+00 0.000000e+00 -6.680481e+01 -8.850806e+02 -1.815124e+02 1.168492e+03 2.615368e+02 4.337291e+02 
3.612137e-01 -1.082317e+03 -3.677219e+02 3.784299e+03 7.317359e+01 1.496174e+03 2.819260e+03 -4.686617e+02 0.000000e+00 0.000000e+00 1.295742e+03 0.000000e+00 0.000000e+00 0.000000e+00 0.000000e+00 0.000000e+00 -6.655059e+01 -8.826877e+02 -1.812945e+02 1.164690e+03 2.613840e+02 4.330171e+02 
3.625512e-01 -1.079368e+03 -3.665725e+02 3.774255e+03 7.292908e+01 1.494111e+03 2.811841e+03 -4.673365e+02 0.000000e+00 0.000000e+00 1.293406e+03 0.000000e+00 0.000000e+00 0.000000e+00 0.000000e+00 0.000000e+00 -6.629755e+01 -8.802624e+02 -1.810762e+02 1.161471e+03 2.612460e+02 4.323535e+02 
3.638886e-01 -1.076392e+03 -3.654277e+02 3.761704e+03 7.269684e+01 1.491184e+03 2.803194e+03 -4.660168e+02 0.000000e+00 0.000000e+00 1.290650e+03 0.000000e+00 0.000000e+00 0.000000e+00 0.000000e+00 0.000000e+00 -6.604590e+01 -8.778098e+02 -1.808573e+02 1.157050e+03 2.611130e+02 4.312383e+02 
3.652261e-01 -1.073438e+03 -3.642871e+02 3.749754e+03 7.247576e+01 1.488444e+03 2.794885e+03 -4.647004e+02 0.000000e+00 0.000000e+00 1.288001e+03 0.000000e+00 0.000000e+00 0.000000e+00 0.000000e+00 0.000000e+00 -6.579580e+01 -8.753756e+02 -1.806354e+02 1.152912e+03 2.609829e+02 4.302274e+02 
3.665635e-01 -1.070523e+03 -3.631521e+02 3.738140e+03 7.226759e+01 1.485886e+03 2.786747e+03 -4.633895e+02 0.000000e+00 0.000000e+00 1.285450e+03 0.000000e+00 0.000000e+00 0.000000e+00 0.000000e+00 0.000000e+00 -6.554694e+01 -8.729801e+02 -1.804141e+02 1.148911e+03 2.608634e+02 4.292880e+02 
3.679010e-01 -1.067580e+03 -3.620217e+02 3.728036e+03 7.207002e+01 1.483525e+03 2.779392e+03 -4.620824e+02 0.000000e+00 0.000000e+00 1.283014e+03 0.000000e+00 0.000000e+00 0.000000e+00 0.000000e+00 0.000000e+00 -6.529931e+01 -8.705547e+02 -1.801915e+02 1.145696e+03 2.607514e+02 4.284426e+02 
3.692385e-01 -1.064608e+03 -3.608957e+02 3.719491e+03 7.188319e+01 1.481340e+03 2.772730e+03 -4.607796e+02 0.000000e+00 0.000000e+00 1.280668e+03 0.000000e+00 0.000000e+00 0.000000e+00 0.000000e+00 0.000000e+00 -6.505303e+01 -8.680969e+02 -1.799673e+02 1.143259e+03 2.606441e+02 4.276797e+02 
3.705759e-01 -1.061624e+03 -3.597741e+02 3.711414e+03 7.170311e+01 1.479194e+03 2.766345e+03 -4.594801e+02 0.000000e+00 0.000000e+00 1.278358e+03 0.000000e+00 0.000000e+00 0.000000e+00 0.000000e+00 0.000000e+00 -6.480797e+01 -8.656287e+02 -1.797414e+02 1.141070e+03 2.605414e+02 4.269303e+02 
3.719134e-01 -1.058630e+03 -3.586572e+02 3.701012e+03 7.153611e+01 1.476256e+03 2.758782e+03 -4.581868e+02 0.000000e+00 0.000000e+00 1.275662e+03 0.000000e+00 0.000000e+00 0.000000e+00 0.000000e+00 0.000000e+00 -6.456432e+01 -8.631485e+02 -1.795142e+02 1.137710e+03 2.604443e+02 4.257857e+02 
3.732508e-01 -1.055611e+03 -3.575444e+02 3.691997e+03 7.137382e+01 1.473487e+03 2.751909e+03 -4.568973e+02 0.000000e+00 0.000000e+00 1.273058e+03 0.000000e+00 0.000000e+00 0.000000e+00 0.000000e+00 0.000000e+00 -6.432182e+01 -8.606400e+02 -1.792856e+02 1.135054e+03 2.603477e+02 4.247255e+02 
3.745883e-01 -1.052562e+03 -3.564363e+02 3.684510e+03 7.121831e+01 1.470905e+03 2.745786e+03 -4.556121e+02 0.000000e+00 0.000000e+00 1.270551e+03 0.000000e+00 0.000000e+00 0.000000e+00 0.000000e+00 0.000000e+00 -6.408064e+01 -8.581036e+02 -1.790557e+02 1.133183e+03 2.602512e+02 4.237536e+02 
3.759258e-01 -1.049491e+03 -3.553319e+02 3.678391e+03 7.106507e+01 1.468505e+03 2.740331e+03 -4.543310e+02 0.000000e+00 0.000000e+00 1.268144e+03 0.000000e+00 0.000000e+00 0.000000e+00 0.000000e+00 0.000000e+00 -6.384068e+01 -8.555419e+02 -1.788251e+02 1.132001e+03 2.601545e+02 4.228704e+02 
3.772632e-01 -1.046392e+03 -3.542319e+02 3.673716e+03 7.091596e+01 1.466295e+03 2.735602e+03 -4.530542e+02 0.000000e+00 0.000000e+00 1.265829e+03 0.000000e+00 0.000000e+00 0.000000e+00 0.000000e+00 0.000000e+00 -6.360199e+01 -8.529508e+02 -1.785928e+02 1.131558e+03 2.600573e+02 4.220809e+02 
3.786007e-01 -1.043262e+03 -3.531363e+02 3.670225e+03 7.077132e+01 1.464185e+03 2.731433e+03 -4.517807e+02 0.000000e+00 0.000000e+00 1.263570e+03 0.000000e+00 0.000000e+00 0.000000e+00 0.000000e+00 0.000000e+00 -6.336443e+01 -8.503284e+02 -1.783590e+02 1.131744e+03 2.599586e+02 4.213428e+02 
3.799381e-01 -1.040102e+03 -3.520450e+02 3.664423e+03 7.062675e+01 1.461218e+03 2.726090e+03 -4.505111e+02 0.000000e+00 0.000000e+00 1.260884e+03 0.000000e+00 0.000000e+00 0.000000e+00 0.000000e+00 0.000000e+00 -6.312821e+01 -8.476750e+02 -1.781230e+02 1.130746e+03 2.598571e+02 4.201788e+02 
3.812756e-01 -1.036931e+03 -3.509579e+02 3.659715e+03 7.048403e+01 1.458415e+03 2.721294e+03 -4.492462e+02 0.000000e+00 0.000000e+00 1.258290e+03 0.000000e+00 0.000000e+00 0.000000e+00 0.000000e+00 0.000000e+00 -6.289322e+01 -8.450082e+02 -1.778863e+02 1.130323e+03 2.597466e+02 4.191111e+02 
3.826130e-01 -1.033732e+03 -3.498752e+02 3.656433e+03 7.033752e+01 1.455794e+03 2.717228e+03 -4.479868e+02 0.000000e+00 0.000000e+00 1.255782e+03 0.000000e+00 0.000000e+00 0.000000e+00 0.000000e+00 0.000000e+00 -6.265946e+01 -8.423125e+02 -1.776485e+02 1.130625e+03 2.596308e+02 4.181342e+02 
3.839505e-01 -1.030503e+03 -3.487968e+02 3.654660e+03 7.019090e+01 1.453356e+03 2.713885e+03 -4.467314e+02 0.000000e+00 0.000000e+00 1.253372e+03 0.000000e+00 0.000000e+00 0.000000e+00 0.000000e+00 0.000000e+00 -6.242689e+01 -8.395868e+02 -1.774092e+02 1.131690e+03 2.595058e+02 4.172452e+02 
3.852880e-01 -1.027247e+03 -3.477223e+02 3.654363e+03 7.004245e+01 1.451098e+03 2.711266e+03 -4.454790e+02 0.000000e+00 0.000000e+00 1.251051e+03 0.000000e+00 0.000000e+00 0.000000e+00 0.000000e+00 0.000000e+00 -6.219555e+01 -8.368314e+02 -1.771685e+02 1.133513e+03 2.593755e+02 4.164583e+02 
3.866254e-01 -1.024008e+03 -3.466524e+02 3.654456e+03 6.988797e+01 1.449002e+03 2.708863e+03 -4.442312e+02 0.000000e+00 0.000000e+00 1.248808e+03 0.000000e+00 0.000000e+00 0.000000e+00 0.000000e+00 0.000000e+00 -6.196540e+01 -8.340916e+02 -1.769270e+02 1.135525e+03 2.592402e+02 4.157608e+02 
3.879629e-01 -1.020738e+03 -3.455867e+02 3.652436e+03 6.973023e+01 1.446127e+03 2.705360e+03 -4.429865e+02 0.000000e+00 0.000000e+00 1.246165e+03 0.000000e+00 0.000000e+00 0.000000e+00 0.000000e+00 0.000000e+00 -6.173641e+01 -8.313185e+02 -1.766845e+02 1.136491e+03 2.590959e+02 4.146752e+02 
3.893003e-01 -1.017441e+03 -3.445254e+02 3.651436e+03 6.956905e+01 1.443303e+03 2.702378e+03 -4.417477e+02 0.000000e+00 0.000000e+00 1.243555e+03 0.000000e+00 0.000000e+00 0.000000e+00 0.000000e+00 0.000000e+00 -6.150866e+01 -8.285187e+02 -1.764405e+02 1.137983e+03 2.589397e+02 4.136200e+02 
3.906378e-01 -1.014138e+03 -3.434681e+02 3.651400e+03 6.940224e+01 1.440648e+03 2.699863e+03 -4.405133e+02 0.000000e+00 0.000000e+00 1.241032e+03 0.000000e+00 0.000000e+00 0.000000e+00 0.000000e+00 0.000000e+00 -6.128207e+01 -8.257112e+02 -1.761958e+02 1.139968e+03 2.587732e+02 4.126644e+02 
3.919753e-01 -1.010893e+03 -3.424148e+02 3.650957e+03 6.922706e+01 1.438150e+03 2.697182e+03 -4.392828e+02 0.000000e+00 0.000000e+00 1.238577e+03 0.000000e+00 0.000000e+00 0.000000e+00 0.000000e+00 0.000000e+00 -6.105662e+01 -8.229613e+02 -1.759502e+02 1.141716e+03 2.585970e+02 4.117922e+02 
3.933127e-01 -1.007619e+03 -3.413660e+02 3.651930e+03 6.904792e+01 1.435820e+03 2.695179e+03 -4.380562e+02 0.000000e+00 0.000000e+00 1.236200e+03 0.000000e+00 0.000000e+00 0.000000e+00 0.000000e+00 0.000000e+00 -6.083232e+01 -8.201794e+02 -1.757045e+02 1.144183e+03 2.584128e+02 4.110055e+02 
3.946502e-01 -1.004313e+03 -3.403220e+02 3.654350e+03 6.886257e+01 1.433663e+03 2.693902e+03 -4.368343e+02 0.000000e+00 0.000000e+00 1.233915e+03 0.000000e+00 0.000000e+00 0.000000e+00 0.000000e+00 0.000000e+00 -6.060934e+01 -8.173650e+02 -1.754583e+02 1.147410e+03 2.582226e+02 4.103159e+02 
3.959876e-01 -1.001038e+03 -3.392820e+02 3.654836e+03 6.867006e+01 1.431118e+03 2.691670e+03 -4.356158e+02 0.000000e+00 0.000000e+00 1.231422e+03 0.000000e+00 0.000000e+00 0.000000e+00 0.000000e+00 0.000000e+00 -6.038746e+01 -8.145799e+02 -1.752109e+02 1.149634e+03 2.580229e+02 4.094339e+02 
3.973251e-01 -9.978493e+02 -3.382457e+02 3.652589e+03 6.847096e+01 1.428247e+03 2.688095e+03 -4.344014e+02 0.000000e+00 0.000000e+00 1.228771e+03 0.000000e+00 0.000000e+00 0.000000e+00 0.000000e+00 0.000000e+00 -6.016658e+01 -8.118798e+02 -1.749632e+02 1.150449e+03 2.578118e+02 4.084044e+02 
3.986625e-01 -9.946320e+02 -3.372133e+02 3.651669e+03 6.826454e+01 1.425523e+03 2.685190e+03 -4.331913e+02 0.000000e+00 0.000000e+00 1.226188e+03 0.000000e+00 0.000000e+00 0.000000e+00 0.000000e+00 0.000000e+00 -5.994683e+01 -8.091499e+02 -1.747152e+02 1.151951e+03 2.575916e+02 4.074530e+02 
4.000000e-01 -9.913878e+02 -3.361858e+02 3.652132e+03 6.805443e+01 1.422968e+03 2.682977e+03 -4.319865e+02 0.000000e+00 0.000000e+00 1.223693e+03 0.000000e+00 0.000000e+00 0.000000e+00 0.000000e+00 0.000000e+00 -5.972823e+01 -8.063917e+02 -1.744683e+02 1.154149e+03 2.573679e+02 4.065880e+02 
