1.000000e-04 5.313018e+02 -1.194241e-04 -2.448358e-04 -3.701659e-04 3.883043e+01 2.656438e+02 -5.967880e-05 -1.224077e-04 -1.850549e-04 7.611283e+01 
1.437458e-03 6.789045e+03 -3.114590e-01 -6.423129e-01 -9.699964e-01 3.883043e+01 6.788514e+03 -3.114950e-01 -6.423856e-01 -9.701067e-01 7.611283e+01 
2.774916e-03 1.203185e+04 -2.024916e+00 -4.199063e+00 -6.335569e+00 3.883043e+01 1.203456e+04 -2.025790e+00 -4.200833e+00 -6.338249e+00 7.611283e+01 
4.112375e-03 1.636255e+04 -5.945164e+00 -1.239132e+01 -1.868281e+01 3.883043e+01 1.636817e+04 -5.948486e+00 -1.239804e+01 -1.869299e+01 7.611283e+01 
5.449833e-03 1.989341e+04 -1.246562e+01 -2.610766e+01 -3.934580e+01 3.883043e+01 1.990090e+04 -1.247333e+01 -2.612544e+01 -3.936905e+01 7.611283e+01 
6.787291e-03 2.274238e+04 -2.168722e+01 -4.565070e+01 -6.876737e+01 3.883043e+01 2.274279e+04 -2.169247e+01 -4.566111e+01 -6.878342e+01 7.611283e+01 
8.124749e-03 2.498720e+04 -3.347058e+01 -7.081902e+01 -1.066629e+02 3.883043e+01 2.499194e+04 -3.348555e+01 -7.084799e+01 -1.067073e+02 7.611283e+01 
9.462207e-03 2.673785e+04 -4.758554e+01 -1.012272e+02 -1.524653e+02 3.883043e+01 2.673051e+04 -4.758153e+01 -1.012194e+02 -1.524563e+02 7.611283e+01 
1.079967e-02 2.801111e+04 -6.354877e+01 -1.359805e+02 -2.048586e+02 3.883043e+01 2.803151e+04 -6.361586e+01 -1.361147e+02 -2.050640e+02 7.611283e+01 
1.213712e-02 2.891389e+04 -8.101231e+01 -1.744429e+02 -2.629191e+02 3.883043e+01 2.894793e+04 -8.113621e+01 -1.746909e+02 -2.632989e+02 7.611283e+01 
1.347458e-02 2.948015e+04 -9.944546e+01 -2.156133e+02 -3.251784e+02 3.883043e+01 2.953395e+04 -9.966929e+01 -2.160630e+02 -3.258733e+02 7.611283e+01 
1.481204e-02 2.974994e+04 -1.183181e+02 -2.584916e+02 -3.902065e+02 3.883043e+01 2.980906e+04 -1.186016e+02 -2.590686e+02 -3.910933e+02 7.611283e+01 
1.614950e-02 2.976819e+04 -1.371409e+02 -3.021235e+02 -4.565953e+02 3.883043e+01 2.981986e+04 -1.374048e+02 -3.027207e+02 -4.575336e+02 7.611283e+01 
1.748696e-02 2.958140e+04 -1.554976e+02 -3.457793e+02 -5.233088e+02 3.883043e+01 2.959553e+04 -1.555206e+02 -3.459559e+02 -5.236514e+02 7.611283e+01 
1.882441e-02 2.923257e+04 -1.730581e+02 -3.887990e+02 -5.893874e+02 3.883043e+01 2.917241e+04 -1.724439e+02 -3.878385e+02 -5.881116e+02 7.611283e+01 
2.016187e-02 2.869174e+04 -1.889295e+02 -4.295119e+02 -6.524149e+02 3.883043e+01 2.858643e+04 -1.877642e+02 -4.275923e+02 -6.497776e+02 7.611283e+01 
2.149933e-02 2.804709e+04 -2.032691e+02 -4.681895e+02 -7.128090e+02 3.883043e+01 2.787719e+04 -2.012097e+02 -4.647059e+02 -7.079388e+02 7.611283e+01 
2.283679e-02 2.733783e+04 -2.160531e+02 -5.047292e+02 -7.704145e+02 3.883043e+01 2.708083e+04 -2.126236e+02 -4.988650e+02 -7.621397e+02 7.611283e+01 
2.417425e-02 2.651282e+04 -2.261932e+02 -5.371863e+02 -8.221892e+02 3.883043e+01 2.623237e+04 -2.220002e+02 -5.300216e+02 -8.123088e+02 7.611283e+01 
2.551171e-02 2.567354e+04 -2.346096e+02 -5.671391e+02 -8.710873e+02 3.883043e+01 2.536030e+04 -2.294099e+02 -5.582614e+02 -8.585639e+02 7.611283e+01 
2.684916e-02 2.478741e+04 -2.405866e+02 -5.933055e+02 -9.145072e+02 3.883043e+01 2.448317e+04 -2.349362e+02 -5.836808e+02 -9.010255e+02 7.611283e+01 
2.818662e-02 2.390066e+04 -2.446121e+02 -6.163572e+02 -9.538618e+02 3.883043e+01 2.361950e+04 -2.387776e+02 -6.065725e+02 -9.400918e+02 7.611283e+01 
2.952408e-02 2.301226e+04 -2.465101e+02 -6.361903e+02 -9.887121e+02 3.883043e+01 2.278097e+04 -2.411245e+02 -6.272092e+02 -9.761352e+02 7.611283e+01 
3.086154e-02 2.212940e+04 -2.463891e+02 -6.527331e+02 -1.019119e+03 3.883043e+01 2.197499e+04 -2.421634e+02 -6.458643e+02 -1.009514e+03 7.611283e+01 
3.219900e-02 2.129516e+04 -2.451404e+02 -6.675686e+02 -1.047194e+03 3.883043e+01 2.120844e+04 -2.421432e+02 -6.629052e+02 -1.040724e+03 7.611283e+01 
3.353645e-02 2.046091e+04 -2.416417e+02 -6.787434e+02 -1.070102e+03 3.883043e+01 2.048139e+04 -2.411925e+02 -6.785020e+02 -1.069980e+03 7.611283e+01 
3.487391e-02 1.969848e+04 -2.379223e+02 -6.895658e+02 -1.092742e+03 3.883043e+01 1.979734e+04 -2.395503e+02 -6.930180e+02 -1.097778e+03 7.611283e+01 
3.621137e-02 1.896553e+04 -2.329923e+02 -6.983554e+02 -1.112462e+03 3.883043e+01 1.915347e+04 -2.373262e+02 -7.065783e+02 -1.124249e+03 7.611283e+01 
3.754883e-02 1.824134e+04 -2.261370e+02 -7.040015e+02 -1.127822e+03 3.883043e+01 1.854997e+04 -2.346625e+02 -7.194159e+02 -1.149750e+03 7.611283e+01 
3.888629e-02 1.764090e+04 -2.217071e+02 -7.134293e+02 -1.148370e+03 3.883043e+01 1.798381e+04 -2.316654e+02 -7.316494e+02 -1.174384e+03 7.611283e+01 
4.022375e-02 1.704047e+04 -2.154552e+02 -7.198170e+02 -1.164732e+03 3.883043e+01 1.745412e+04 -2.284757e+02 -7.434950e+02 -1.198454e+03 7.611283e+01 
4.156120e-02 1.646025e+04 -2.082403e+02 -7.243245e+02 -1.178201e+03 3.883043e+01 1.695726e+04 -2.251199e+02 -7.549731e+02 -1.221980e+03 7.611283e+01 
4.289866e-02 1.599654e+04 -2.044596e+02 -7.342577e+02 -1.199178e+03 3.883043e+01 1.649089e+04 -2.216625e+02 -7.661766e+02 -1.245080e+03 7.611283e+01 
4.423612e-02 1.553283e+04 -1.993084e+02 -7.417684e+02 -1.216704e+03 3.883043e+01 1.605677e+04 -2.182850e+02 -7.774104e+02 -1.268187e+03 7.611283e+01 
4.557358e-02 1.507618e+04 -1.930859e+02 -7.473565e+02 -1.231555e+03 3.883043e+01 1.564177e+04 -2.146995e+02 -7.881004e+02 -1.290447e+03 7.611283e+01 
4.691104e-02 1.474053e+04 -1.921022e+02 -7.608632e+02 -1.256583e+03 3.883043e+01 1.525022e+04 -2.110064e+02 -7.985257e+02 -1.312310e+03 7.611283e+01 
4.824849e-02 1.440488e+04 -1.901417e+02 -7.727555e+02 -1.279472e+03 3.883043e+01 1.487681e+04 -2.071244e+02 -8.084899e+02 -1.333475e+03 7.611283e+01 
4.958595e-02 1.406923e+04 -1.872440e+02 -7.824420e+02 -1.300047e+03 3.883043e+01 1.452058e+04 -2.030692e+02 -8.180332e+02 -1.354007e+03 7.611283e+01 
5.092341e-02 1.381394e+04 -1.886429e+02 -7.985349e+02 -1.328756e+03 3.883043e+01 1.418004e+04 -1.988061e+02 -8.271113e+02 -1.373853e+03 7.611283e+01 
5.226087e-02 1.356180e+04 -1.896473e+02 -8.138158e+02 -1.356323e+03 3.883043e+01 1.385188e+04 -1.942750e+02 -8.355829e+02 -1.392791e+03 7.611283e+01 
5.359833e-02 1.330965e+04 -1.898401e+02 -8.280439e+02 -1.382574e+03 3.883043e+01 1.353606e+04 -1.894405e+02 -8.434465e+02 -1.410861e+03 7.611283e+01 
5.493579e-02 1.309900e+04 -1.925863e+02 -8.458878e+02 -1.413217e+03 3.883043e+01 1.322940e+04 -1.841583e+02 -8.504574e+02 -1.427715e+03 7.611283e+01 
5.627324e-02 1.289456e+04 -1.952033e+02 -8.626943e+02 -1.443528e+03 3.883043e+01 1.293171e+04 -1.784621e+02 -8.566353e+02 -1.443384e+03 7.611283e+01 
5.761070e-02 1.269012e+04 -1.967120e+02 -8.796250e+02 -1.472230e+03 3.883043e+01 1.264096e+04 -1.721756e+02 -8.617831e+02 -1.457614e+03 7.611283e+01 
5.894816e-02 1.249653e+04 -1.986762e+02 -8.965312e+02 -1.501725e+03 3.883043e+01 1.235977e+04 -1.655531e+02 -8.662959e+02 -1.470922e+03 7.611283e+01 
6.028562e-02 1.230605e+04 -2.003359e+02 -9.124441e+02 -1.530446e+03 3.883043e+01 1.208460e+04 -1.583731e+02 -8.697509e+02 -1.482750e+03 7.611283e+01 
6.162308e-02 1.211557e+04 -2.010462e+02 -9.282667e+02 -1.558541e+03 3.883043e+01 1.181466e+04 -1.505454e+02 -8.720591e+02 -1.492989e+03 7.611283e+01 
6.296054e-02 1.191901e+04 -2.010466e+02 -9.411664e+02 -1.582977e+03 3.883043e+01 1.155207e+04 -1.423081e+02 -8.735747e+02 -1.502086e+03 7.611283e+01 
6.429799e-02 1.171963e+04 -1.997511e+02 -9.526619e+02 -1.605373e+03 3.883043e+01 1.129413e+04 -1.334193e+02 -8.739185e+02 -1.509561e+03 7.611283e+01 
6.563545e-02 1.152025e+04 -1.974875e+02 -9.628741e+02 -1.626014e+03 3.883043e+01 1.104122e+04 -1.239205e+02 -8.731765e+02 -1.515521e+03 7.611283e+01 
6.697291e-02 1.130792e+04 -1.927583e+02 -9.696016e+02 -1.641905e+03 3.883043e+01 1.079395e+04 -1.139081e+02 -8.714796e+02 -1.520138e+03 7.611283e+01 
6.831037e-02 1.108664e+04 -1.859276e+02 -9.728212e+02 -1.653598e+03 3.883043e+01 1.055174e+04 -1.033446e+02 -8.687702e+02 -1.523336e+03 7.611283e+01 
6.964783e-02 1.086535e+04 -1.779508e+02 -9.743635e+02 -1.662955e+03 3.883043e+01 1.031449e+04 -9.156540e+01 -8.650721e+02 -1.525153e+03 7.611283e+01 
7.098528e-02 1.063241e+04 -1.671824e+02 -9.718295e+02 -1.667009e+03 3.883043e+01 1.008226e+04 -8.066675e+01 -8.604467e+02 -1.525634e+03 7.611283e+01 
7.232274e-02 1.038775e+04 -1.534789e+02 -9.649412e+02 -1.665419e+03 3.883043e+01 9.855077e+03 -6.859279e+01 -8.548967e+02 -1.524831e+03 7.611283e+01 
7.366020e-02 1.014308e+04 -1.380782e+02 -9.559310e+02 -1.660924e+03 3.883043e+01 9.633072e+03 -5.611158e+01 -8.485422e+02 -1.522862e+03 7.611283e+01 
7.499766e-02 9.892507e+03 -1.203333e+02 -9.434930e+02 -1.651802e+03 3.883043e+01 9.416671e+03 -4.334168e+01 -8.415395e+02 -1.519947e+03 7.611283e+01 
7.633512e-02 9.633283e+03 -9.981816e+01 -9.266616e+02 -1.637102e+03 3.883043e+01 9.205521e+03 -3.021871e+01 -8.338070e+02 -1.515968e+03 7.611283e+01 
7.767258e-02 9.374059e+03 -7.793520e+01 -9.073264e+02 -1.619046e+03 3.883043e+01 8.999596e+03 -1.682306e+01 -8.254456e+02 -1.511072e+03 7.611283e+01 
7.901003e-02 9.114876e+03 -5.411390e+01 -8.855818e+02 -1.597629e+03 3.883043e+01 8.798994e+03 -3.190454e+00 -8.165281e+02 -1.505336e+03 7.611283e+01 
8.034749e-02 8.855784e+03 -2.838037e+01 -8.614700e+02 -1.572883e+03 3.883043e+01 8.603682e+03 1.060215e+01 -8.071061e+02 -1.498821e+03 7.611283e+01 
8.168495e-02 8.596692e+03 -1.079697e+00 -8.345329e+02 -1.545073e+03 3.883043e+01 8.413647e+03 2.453559e+01 -7.972692e+02 -1.491654e+03 7.611283e+01 
8.302241e-02 8.340967e+03 2.695340e+01 -8.058727e+02 -1.513720e+03 3.883043e+01 8.228835e+03 3.858159e+01 -7.870471e+02 -1.483875e+03 7.611283e+01 
8.435987e-02 8.097125e+03 5.436787e+01 -7.778151e+02 -1.483469e+03 3.883043e+01 8.049179e+03 5.267742e+01 -7.765094e+02 -1.475552e+03 7.611283e+01 
8.569732e-02 7.853283e+03 8.369267e+01 -7.472084e+02 -1.449804e+03 3.883043e+01 7.874684e+03 6.680108e+01 -7.657206e+02 -1.466806e+03 7.611283e+01 
8.703478e-02 7.613509e+03 1.129753e+02 -7.158525e+02 -1.414781e+03 3.883043e+01 7.705221e+03 8.090633e+01 -7.546819e+02 -1.457640e+03 7.611283e+01 
8.837224e-02 7.401411e+03 1.389574e+02 -6.888300e+02 -1.385667e+03 3.883043e+01 7.540708e+03 9.494375e+01 -7.435279e+02 -1.448110e+03 7.611283e+01 
8.970970e-02 7.189313e+03 1.653221e+02 -6.605364e+02 -1.345884e+03 3.883043e+01 7.381002e+03 1.089431e+02 -7.321986e+02 -1.438330e+03 7.611283e+01 
9.104716e-02 6.977215e+03 1.936657e+02 -6.295674e+02 -1.319136e+03 3.883043e+01 7.226476e+03 1.227400e+02 -7.209226e+02 -1.428460e+03 7.611283e+01 
9.238462e-02 6.777881e+03 2.204190e+02 -6.002545e+02 -1.286372e+03 3.883043e+01 7.076547e+03 1.363833e+02 -7.095625e+02 -1.418381e+03 7.611283e+01 
9.372207e-02 6.611038e+03 2.402847e+02 -5.798318e+02 -1.264460e+03 3.883043e+01 6.931098e+03 1.499669e+02 -6.982013e+02 -1.408142e+03 7.611283e+01 
9.505953e-02 6.444196e+03 2.613361e+02 -5.579120e+02 -1.240519e+03 3.883043e+01 6.789901e+03 1.633641e+02 -6.868156e+02 -1.397772e+03 7.611283e+01 
9.639699e-02 6.277353e+03 2.829720e+02 -5.336590e+02 -1.213697e+03 3.883043e+01 6.652793e+03 1.766308e+02 -6.735080e+02 -1.387251e+03 7.611283e+01 
9.773445e-02 6.130658e+03 3.013316e+02 -5.153285e+02 -1.193871e+03 3.883043e+01 6.519630e+03 1.897427e+02 -6.639719e+02 -1.376602e+03 7.611283e+01 
9.907191e-02 6.010033e+03 3.129474e+02 -5.048989e+02 -1.183837e+03 3.883043e+01 6.390282e+03 2.026763e+02 -6.526109e+02 -1.365916e+03 7.611283e+01 
1.004094e-01 5.889408e+03 3.252886e+02 -4.933950e+02 -1.172219e+03 3.883043e+01 6.266165e+03 2.150614e+02 -6.417651e+02 -1.355778e+03 7.611283e+01 
1.017468e-01 5.768783e+03 3.381839e+02 -4.806402e+02 -1.158975e+03 3.883043e+01 6.144390e+03 2.276725e+02 -6.304851e+02 -1.344994e+03 7.611283e+01 
1.030843e-01 5.670457e+03 3.454734e+02 -4.755692e+02 -1.155112e+03 3.883043e+01 6.026094e+03 2.399970e+02 -6.193512e+02 -1.334268e+03 7.611283e+01 
1.044217e-01 5.587618e+03 3.480375e+02 -4.761774e+02 -1.158152e+03 3.883043e+01 5.911305e+03 2.521191e+02 -6.083165e+02 -1.323570e+03 7.611283e+01 
1.057592e-01 5.504780e+03 3.512425e+02 -4.759058e+02 -1.159861e+03 3.883043e+01 5.799520e+03 2.641368e+02 -5.972531e+02 -1.312739e+03 7.611283e+01 
1.070967e-01 5.421942e+03 3.549708e+02 -4.748485e+02 -1.160850e+03 3.883043e+01 5.691752e+03 2.757042e+02 -5.866074e+02 -1.302368e+03 7.611283e+01 
1.084341e-01 5.356937e+03 3.532787e+02 -4.807428e+02 -1.170324e+03 3.883043e+01 5.586761e+03 2.871174e+02 -5.760101e+02 -1.291879e+03 7.611283e+01 
1.097716e-01 5.298067e+03 3.495322e+02 -4.893168e+02 -1.182623e+03 3.883043e+01 5.484348e+03 2.984410e+02 -5.653677e+02 -1.281265e+03 7.611283e+01 
1.111090e-01 5.239197e+03 3.459089e+02 -4.970638e+02 -1.194323e+03 3.883043e+01 5.384384e+03 3.096066e+02 -5.546476e+02 -1.270510e+03 7.611283e+01 
1.124465e-01 5.180327e+03 3.427546e+02 -5.045886e+02 -1.205212e+03 3.883043e+01 5.287987e+03 3.204525e+02 -5.445513e+02 -1.260281e+03 7.611283e+01 
1.137839e-01 5.129964e+03 3.365821e+02 -5.156095e+02 -1.220652e+03 3.883043e+01 5.193852e+03 3.311526e+02 -5.341729e+02 -1.249980e+03 7.611283e+01 
1.151214e-01 5.080568e+03 3.307529e+02 -5.266457e+02 -1.236146e+03 3.883043e+01 5.101797e+03 3.418056e+02 -5.238087e+02 -1.239278e+03 7.611283e+01 
1.164589e-01 5.031172e+03 3.246481e+02 -5.373720e+02 -1.251008e+03 3.883043e+01 5.012293e+03 3.522374e+02 -5.135994e+02 -1.228790e+03 7.611283e+01 
1.177963e-01 4.981634e+03 3.188818e+02 -5.478191e+02 -1.265436e+03 3.883043e+01 4.925473e+03 3.623635e+02 -5.036764e+02 -1.218565e+03 7.611283e+01 
1.191338e-01 4.929518e+03 3.149525e+02 -5.560065e+02 -1.277294e+03 3.883043e+01 4.840409e+03 3.724678e+02 -4.935937e+02 -1.208080e+03 7.611283e+01 
1.204712e-01 4.877402e+03 3.103416e+02 -5.644479e+02 -1.289227e+03 3.883043e+01 4.757273e+03 3.824971e+02 -4.835074e+02 -1.197506e+03 7.611283e+01 
1.218087e-01 4.825286e+03 3.075737e+02 -5.711727e+02 -1.299320e+03 3.883043e+01 4.676884e+03 3.921006e+02 -4.738481e+02 -1.187387e+03 7.611283e+01 
1.231462e-01 4.771084e+03 3.054383e+02 -5.766845e+02 -1.307820e+03 3.883043e+01 4.597974e+03 4.017420e+02 -4.640281e+02 -1.177001e+03 7.611283e+01 
1.244836e-01 4.708829e+03 3.076538e+02 -5.769557e+02 -1.309744e+03 3.883043e+01 4.520741e+03 4.113197e+02 -4.541365e+02 -1.166453e+03 7.611283e+01 
1.258211e-01 4.646574e+03 3.095686e+02 -5.768460e+02 -1.311703e+03 3.883043e+01 4.446032e+03 4.204865e+02 -4.447132e+02 -1.156377e+03 7.611283e+01 
1.271585e-01 4.584319e+03 3.127600e+02 -5.753419e+02 -1.311118e+03 3.883043e+01 4.372561e+03 4.297920e+02 -4.349889e+02 -1.145941e+03 7.611283e+01 
1.284960e-01 4.518018e+03 3.190556e+02 -5.701193e+02 -1.306532e+03 3.883043e+01 4.300806e+03 4.389037e+02 -4.253594e+02 -1.135520e+03 7.611283e+01 
1.298334e-01 4.444512e+03 3.292121e+02 -5.597248e+02 -1.295613e+03 3.883043e+01 4.231160e+03 4.477125e+02 -4.161044e+02 -1.125461e+03 7.611283e+01 
1.311709e-01 4.371007e+03 3.400170e+02 -5.487125e+02 -1.283404e+03 3.883043e+01 4.162551e+03 4.566470e+02 -4.065083e+02 -1.114997e+03 7.611283e+01 
1.325084e-01 4.297501e+03 3.515356e+02 -5.361635e+02 -1.269691e+03 3.883043e+01 4.095896e+03 4.652711e+02 -3.972277e+02 -1.104798e+03 7.611283e+01 
1.338458e-01 4.220296e+03 3.667009e+02 -5.195721e+02 -1.251870e+03 3.883043e+01 4.030637e+03 4.738101e+02 -3.879625e+02 -1.094577e+03 7.611283e+01 
1.351833e-01 4.139587e+03 3.839826e+02 -4.997799e+02 -1.229225e+03 3.883043e+01 3.966399e+03 4.824584e+02 -3.784651e+02 -1.084020e+03 7.611283e+01 
1.365207e-01 4.058877e+03 4.022428e+02 -4.786503e+02 -1.205239e+03 3.883043e+01 3.904323e+03 4.905875e+02 -3.695281e+02 -1.074084e+03 7.611283e+01 
1.378582e-01 3.978168e+03 4.217669e+02 -4.562095e+02 -1.179430e+03 3.883043e+01 3.842990e+03 4.989355e+02 -3.602364e+02 -1.063663e+03 7.611283e+01 
1.391957e-01 3.896843e+03 4.423809e+02 -4.321557e+02 -1.151543e+03 3.883043e+01 3.783349e+03 5.067484e+02 -3.512407e+02 -1.053551e+03 7.611283e+01 
1.405331e-01 3.815212e+03 4.643940e+02 -4.060860e+02 -1.121564e+03 3.883043e+01 3.724917e+03 5.149354e+02 -3.422476e+02 -1.043392e+03 7.611283e+01 
1.418706e-01 3.733580e+03 4.872595e+02 -3.789786e+02 -1.089962e+03 3.883043e+01 3.667464e+03 5.229563e+02 -3.331388e+02 -1.033042e+03 7.611283e+01 
1.432080e-01 3.651949e+03 5.110786e+02 -3.505294e+02 -1.056800e+03 3.883043e+01 3.611683e+03 5.305863e+02 -3.243951e+02 -1.023104e+03 7.611283e+01 
1.445455e-01 3.574832e+03 5.327492e+02 -3.245191e+02 -1.026323e+03 3.883043e+01 3.556402e+03 5.385558e+02 -3.152198e+02 -1.012531e+03 7.611283e+01 
1.458829e-01 3.498696e+03 5.558785e+02 -2.973486e+02 -9.945954e+02 3.883043e+01 3.503197e+03 5.458047e+02 -3.067832e+02 -1.002874e+03 7.611283e+01 
1.472204e-01 3.422561e+03 5.793009e+02 -2.685169e+02 -9.607994e+02 3.883043e+01 3.450513e+03 5.532923e+02 -2.980052e+02 -9.927277e+02 7.611283e+01 
1.485579e-01 3.346426e+03 6.036877e+02 -2.389058e+02 -9.258990e+02 3.883043e+01 3.399213e+03 5.605664e+02 -2.894414e+02 -9.828105e+02 7.611283e+01 
1.498953e-01 3.281030e+03 6.208178e+02 -2.177145e+02 -9.006440e+02 3.883043e+01 3.348789e+03 5.678150e+02 -2.808316e+02 -9.727881e+02 7.611283e+01 
1.512328e-01 3.215907e+03 6.402427e+02 -1.942310e+02 -8.730679e+02 3.883043e+01 3.299413e+03 5.749432e+02 -2.723007e+02 -9.628185e+02 7.611283e+01 
1.525702e-01 3.150783e+03 6.592266e+02 -1.708578e+02 -8.452069e+02 3.883043e+01 3.251167e+03 5.818680e+02 -2.639554e+02 -9.530259e+02 7.611283e+01 
1.539077e-01 3.087469e+03 6.789012e+02 -1.468043e+02 -8.167684e+02 3.883043e+01 3.203652e+03 5.888969e+02 -2.554283e+02 -9.429882e+02 7.611283e+01 
1.552452e-01 3.036357e+03 6.898020e+02 -1.332542e+02 -8.004965e+02 3.883043e+01 3.157453e+03 5.952898e+02 -2.473076e+02 -9.333896e+02 7.611283e+01 
1.565826e-01 2.985245e+03 7.006719e+02 -1.193498e+02 -7.835923e+02 3.883043e+01 3.111744e+03 6.023832e+02 -2.388804e+02 -9.233868e+02 7.611283e+01 
1.579201e-01 2.934133e+03 7.131306e+02 -1.038497e+02 -7.648241e+02 3.883043e+01 3.067464e+03 6.087601e+02 -2.309709e+02 -9.139661e+02 7.611283e+01 
1.592575e-01 2.886779e+03 7.231658e+02 -9.106249e+01 -7.496102e+02 3.883043e+01 3.023502e+03 6.154210e+02 -2.228435e+02 -9.039769e+02 7.611283e+01 
1.605950e-01 2.848979e+03 7.258722e+02 -8.703897e+01 -7.442088e+02 3.883043e+01 2.981023e+03 6.215263e+02 -2.149729e+02 -8.947462e+02 7.611283e+01 
1.619324e-01 2.811180e+03 7.286229e+02 -8.237710e+01 -7.381674e+02 3.883043e+01 2.938753e+03 6.280836e+02 -2.067166e+02 -8.848758e+02 7.611283e+01 
1.632699e-01 2.773380e+03 7.329256e+02 -7.694159e+01 -7.312218e+02 3.883043e+01 2.897961e+03 6.339515e+02 -1.991777e+02 -8.759391e+02 7.611283e+01 
1.646074e-01 2.739903e+03 7.334334e+02 -7.536712e+01 -7.287008e+02 3.883043e+01 2.857328e+03 6.402601e+02 -1.910916e+02 -8.659584e+02 7.611283e+01 
1.659448e-01 2.712012e+03 7.295871e+02 -7.908543e+01 -7.323008e+02 3.883043e+01 2.818114e+03 6.459297e+02 -1.837313e+02 -8.569906e+02 7.611283e+01 
1.672823e-01 2.684122e+03 7.255392e+02 -8.265605e+01 -7.357038e+02 3.883043e+01 2.779064e+03 6.520194e+02 -1.758201e+02 -8.473435e+02 7.611283e+01 
1.686197e-01 2.656231e+03 7.229757e+02 -8.512199e+01 -7.379374e+02 3.883043e+01 2.741307e+03 6.575150e+02 -1.685786e+02 -8.384505e+02 7.611283e+01 
1.699572e-01 2.631699e+03 7.170227e+02 -9.115740e+01 -7.443058e+02 3.883043e+01 2.703765e+03 6.633702e+02 -1.608578e+02 -8.289743e+02 7.611283e+01 
1.712946e-01 2.609499e+03 7.098101e+02 -9.932582e+01 -7.529941e+02 3.883043e+01 2.667401e+03 6.686975e+02 -1.537348e+02 -8.201641e+02 7.611283e+01 
1.726321e-01 2.587300e+03 7.023451e+02 -1.071505e+02 -7.615273e+02 3.883043e+01 2.631364e+03 6.742692e+02 -1.462756e+02 -8.109419e+02 7.611283e+01 
1.739696e-01 2.565100e+03 6.953963e+02 -1.143835e+02 -7.693154e+02 3.883043e+01 2.596291e+03 6.794767e+02 -1.392198e+02 -8.021633e+02 7.611283e+01 
1.753070e-01 2.544280e+03 6.873172e+02 -1.230967e+02 -7.786828e+02 3.883043e+01 2.561683e+03 6.847563e+02 -1.320299e+02 -7.932000e+02 7.611283e+01 
1.766445e-01 2.523935e+03 6.791984e+02 -1.319398e+02 -7.883990e+02 3.883043e+01 2.527810e+03 6.898676e+02 -1.250109e+02 -7.844199e+02 7.611283e+01 
1.779819e-01 2.503589e+03 6.711417e+02 -1.406344e+02 -7.977764e+02 3.883043e+01 2.494582e+03 6.948464e+02 -1.181101e+02 -7.757462e+02 7.611283e+01 
1.793194e-01 2.483243e+03 6.635473e+02 -1.487058e+02 -8.064663e+02 3.883043e+01 2.461840e+03 6.998910e+02 -1.111039e+02 -7.669382e+02 7.611283e+01 
1.806569e-01 2.461591e+03 6.575600e+02 -1.548847e+02 -8.130624e+02 3.883043e+01 2.429984e+03 7.045190e+02 -1.045521e+02 -7.586249e+02 7.611283e+01 
1.819943e-01 2.439789e+03 6.516312e+02 -1.607007e+02 -8.189673e+02 3.883043e+01 2.398302e+03 7.094983e+02 -9.755614e+01 -7.497813e+02 7.611283e+01 
1.833318e-01 2.417987e+03 6.464853e+02 -1.658874e+02 -8.244326e+02 3.883043e+01 2.367690e+03 7.138717e+02 -9.125022e+01 -7.417232e+02 7.611283e+01 
1.846692e-01 2.395997e+03 6.418622e+02 -1.704511e+02 -8.290994e+02 3.883043e+01 2.337079e+03 7.187375e+02 -8.432792e+01 -7.329240e+02 7.611283e+01 
1.860067e-01 2.370555e+03 6.415455e+02 -1.701575e+02 -8.281283e+02 3.883043e+01 2.307537e+03 7.229475e+02 -7.815252e+01 -7.249739e+02 7.611283e+01 
1.873441e-01 2.345112e+03 6.415622e+02 -1.692342e+02 -8.263965e+02 3.883043e+01 2.278128e+03 7.275219e+02 -7.152187e+01 -7.164810e+02 7.611283e+01 
1.886816e-01 2.319670e+03 6.413487e+02 -1.678642e+02 -8.242139e+02 3.883043e+01 2.249460e+03 7.317425e+02 -6.527661e+01 -7.084106e+02 7.611283e+01 
1.900191e-01 2.293434e+03 6.435826e+02 -1.648404e+02 -8.201820e+02 3.883043e+01 2.221283e+03 7.359163e+02 -5.906499e+01 -7.003680e+02 7.611283e+01 
1.913565e-01 2.264135e+03 6.490354e+02 -1.571765e+02 -8.103964e+02 3.883043e+01 2.193423e+03 7.401367e+02 -5.275943e+01 -6.921860e+02 7.611283e+01 
1.926940e-01 2.234835e+03 6.556199e+02 -1.485858e+02 -7.998712e+02 3.883043e+01 2.166397e+03 7.440082e+02 -4.686966e+01 -6.844925e+02 7.611283e+01 
1.940314e-01 2.205536e+03 6.621503e+02 -1.397405e+02 -7.885301e+02 3.883043e+01 2.139372e+03 7.482889e+02 -4.045327e+01 -6.761597e+02 7.611283e+01 
1.953689e-01 2.175424e+03 6.707393e+02 -1.284489e+02 -7.751621e+02 3.883043e+01 2.113355e+03 7.521124e+02 -3.460728e+01 -6.685187e+02 7.611283e+01 
1.967064e-01 2.143866e+03 6.815538e+02 -1.144753e+02 -7.585663e+02 3.883043e+01 2.087439e+03 7.557366e+02 -2.887605e+01 -6.609087e+02 7.611283e+01 
1.980438e-01 2.112307e+03 6.931385e+02 -9.985619e+01 -7.409565e+02 3.883043e+01 2.062062e+03 7.594248e+02 -2.309381e+01 -6.532691e+02 7.611283e+01 
1.993813e-01 2.080749e+03 7.047662e+02 -8.461440e+01 -7.227321e+02 3.883043e+01 2.037213e+03 7.629222e+02 -1.751793e+01 -6.458511e+02 7.611283e+01 
2.007187e-01 2.049212e+03 7.176931e+02 -6.840235e+01 -7.031956e+02 3.883043e+01 2.012428e+03 7.668245e+02 -1.144870e+01 -6.378581e+02 7.611283e+01 
2.020562e-01 2.017696e+03 7.305038e+02 -5.189959e+01 -6.833099e+02 3.883043e+01 1.988605e+03 7.698900e+02 -6.302680e+00 -6.309067e+02 7.611283e+01 
2.033936e-01 1.986181e+03 7.446835e+02 -3.420820e+01 -6.621238e+02 3.883043e+01 1.964783e+03 7.734593e+02 -6.223521e-01 -6.232983e+02 7.611283e+01 
2.047311e-01 1.954665e+03 7.592279e+02 -1.580057e+01 -6.401507e+02 3.883043e+01 1.941533e+03 7.767394e+02 4.751674e+00 -6.160853e+02 7.611283e+01 
2.060686e-01 1.924522e+03 7.723063e+02 1.091141e+00 -6.198875e+02 3.883043e+01 1.918700e+03 7.798711e+02 1.000381e+01 -6.090044e+02 7.611283e+01 
2.074060e-01 1.895065e+03 7.853364e+02 1.775128e+01 -5.996188e+02 3.883043e+01 1.895917e+03 7.833981e+02 1.573402e+01 -6.013511e+02 7.611283e+01 
2.087435e-01 1.865607e+03 7.989744e+02 3.521594e+01 -5.787255e+02 3.883043e+01 1.874035e+03 7.861065e+02 2.051500e+01 -5.947455e+02 7.611283e+01 
2.100809e-01 1.836149e+03 8.128644e+02 5.322494e+01 -5.568675e+02 3.883043e+01 1.852152e+03 7.892458e+02 2.581436e+01 -5.875556e+02 7.611283e+01 
2.114184e-01 1.809589e+03 8.234188e+02 6.723918e+01 -5.397465e+02 3.883043e+01 1.830714e+03 7.922775e+02 3.098233e+01 -5.805201e+02 7.611283e+01 
2.127559e-01 1.783660e+03 8.336131e+02 8.073839e+01 -5.230541e+02 3.883043e+01 1.809747e+03 7.949837e+02 3.580734e+01 -5.738491e+02 7.611283e+01 
2.140933e-01 1.757730e+03 8.444428e+02 9.503792e+01 -5.056090e+02 3.883043e+01 1.788779e+03 7.981317e+02 4.115854e+01 -5.665711e+02 7.611283e+01 
2.154308e-01 1.731801e+03 8.556380e+02 1.098684e+02 -4.874398e+02 3.883043e+01 1.768582e+03 8.006093e+02 4.570924e+01 -5.602051e+02 7.611283e+01 
2.167682e-01 1.710091e+03 8.612039e+02 1.180688e+02 -4.769035e+02 3.883043e+01 1.748494e+03 8.033106e+02 5.058446e+01 -5.534589e+02 7.611283e+01 
2.181057e-01 1.688489e+03 8.664266e+02 1.264961e+02 -4.659108e+02 3.883043e+01 1.728595e+03 8.061768e+02 5.563515e+01 -5.465099e+02 7.611283e+01 
2.194431e-01 1.666886e+03 8.732105e+02 1.356983e+02 -4.543235e+02 3.883043e+01 1.709352e+03 8.084280e+02 5.999164e+01 -5.403371e+02 7.611283e+01 
2.207806e-01 1.645834e+03 8.787723e+02 1.441018e+02 -4.433677e+02 3.883043e+01 1.690110e+03 8.110908e+02 6.483288e+01 -5.336060e+02 7.611283e+01 
2.221181e-01 1.628493e+03 8.789242e+02 1.463613e+02 -4.392795e+02 3.883043e+01 1.671296e+03 8.135171e+02 6.940796e+01 -5.271753e+02 7.611283e+01 
2.234555e-01 1.611152e+03 8.796597e+02 1.490609e+02 -4.348365e+02 3.883043e+01 1.652865e+03 8.157053e+02 7.372128e+01 -5.210290e+02 7.611283e+01 
2.247930e-01 1.593812e+03 8.807112e+02 1.521561e+02 -4.298895e+02 3.883043e+01 1.634435e+03 8.183591e+02 7.857776e+01 -5.142688e+02 7.611283e+01 
2.261304e-01 1.577428e+03 8.805541e+02 1.539098e+02 -4.265355e+02 3.883043e+01 1.616619e+03 8.203855e+02 8.271490e+01 -5.083147e+02 7.611283e+01 
2.274679e-01 1.563468e+03 8.766021e+02 1.513583e+02 -4.281091e+02 3.883043e+01 1.598970e+03 8.225275e+02 8.701318e+01 -5.021740e+02 7.611283e+01 
2.288054e-01 1.549508e+03 8.729852e+02 1.491847e+02 -4.290547e+02 3.883043e+01 1.581321e+03 8.250772e+02 9.176719e+01 -4.955088e+02 7.611283e+01 
2.301428e-01 1.535548e+03 8.695556e+02 1.472049e+02 -4.298627e+02 3.883043e+01 1.564422e+03 8.267648e+02 9.553922e+01 -4.899558e+02 7.611283e+01 
2.314803e-01 1.522491e+03 8.651071e+02 1.440692e+02 -4.319725e+02 3.883043e+01 1.547523e+03 8.287943e+02 9.972763e+01 -4.839182e+02 7.611283e+01 
2.328177e-01 1.510597e+03 8.585313e+02 1.384010e+02 -4.369513e+02 3.883043e+01 1.530744e+03 8.307996e+02 1.041983e+02 -4.775679e+02 7.611283e+01 
2.341552e-01 1.498703e+03 8.527611e+02 1.336030e+02 -4.408772e+02 3.883043e+01 1.514566e+03 8.325739e+02 1.078179e+02 -4.721556e+02 7.611283e+01 
2.354926e-01 1.486809e+03 8.464362e+02 1.285520e+02 -4.451778e+02 3.883043e+01 1.498388e+03 8.345750e+02 1.119555e+02 -4.661722e+02 7.611283e+01 
2.368301e-01 1.475345e+03 8.407759e+02 1.238160e+02 -4.493406e+02 3.883043e+01 1.482408e+03 8.365827e+02 1.161313e+02 -4.601413e+02 7.611283e+01 
2.381676e-01 1.464179e+03 8.338674e+02 1.181122e+02 -4.543849e+02 3.883043e+01 1.466923e+03 8.380617e+02 1.197056e+02 -4.547851e+02 7.611283e+01 
2.395050e-01 1.453013e+03 8.279793e+02 1.129343e+02 -4.589289e+02 3.883043e+01 1.451437e+03 8.399084e+02 1.237109e+02 -4.489375e+02 7.611283e+01 
2.408425e-01 1.441847e+03 8.219571e+02 1.074376e+02 -4.631909e+02 3.883043e+01 1.436190e+03 8.417181e+02 1.274929e+02 -4.431422e+02 7.611283e+01 
2.421799e-01 1.430417e+03 8.167852e+02 1.039067e+02 -4.664107e+02 3.883043e+01 1.421369e+03 8.430296e+02 1.310794e+02 -4.379570e+02 7.611283e+01 
2.435174e-01 1.418897e+03 8.116201e+02 1.002728e+02 -4.691591e+02 3.883043e+01 1.406549e+03 8.448010e+02 1.349987e+02 -4.322057e+02 7.611283e+01 
2.448548e-01 1.407376e+03 8.075941e+02 9.703204e+01 -4.714563e+02 3.883043e+01 1.391972e+03 8.464367e+02 1.387768e+02 -4.266125e+02 7.611283e+01 
2.461923e-01 1.395855e+03 8.034488e+02 9.415869e+01 -4.734541e+02 3.883043e+01 1.377790e+03 8.476305e+02 1.420537e+02 -4.215690e+02 7.611283e+01 
2.475298e-01 1.383450e+03 8.013417e+02 9.370056e+01 -4.726926e+02 3.883043e+01 1.363607e+03 8.492398e+02 1.458082e+02 -4.159944e+02 7.611283e+01 
2.488672e-01 1.370945e+03 7.995567e+02 9.350078e+01 -4.715446e+02 3.883043e+01 1.349644e+03 8.507618e+02 1.494630e+02 -4.105542e+02 7.611283e+01 
2.502047e-01 1.358439e+03 7.988118e+02 9.431326e+01 -4.694367e+02 3.883043e+01 1.336075e+03 8.518299e+02 1.526029e+02 -4.056385e+02 7.611283e+01 
2.515421e-01 1.345879e+03 7.979966e+02 9.526768e+01 -4.670781e+02 3.883043e+01 1.322505e+03 8.532449e+02 1.561769e+02 -4.002638e+02 7.611283e+01 
2.528796e-01 1.332321e+03 7.996468e+02 9.908948e+01 -4.615791e+02 3.883043e+01 1.309102e+03 8.546870e+02 1.597428e+02 -3.948920e+02 7.611283e+01 
2.542171e-01 1.318763e+03 8.013007e+02 1.028795e+02 -4.561792e+02 3.883043e+01 1.296120e+03 8.556019e+02 1.626817e+02 -3.901861e+02 7.611283e+01 
2.555545e-01 1.305204e+03 8.044456e+02 1.079404e+02 -4.490830e+02 3.883043e+01 1.283137e+03 8.568866e+02 1.660774e+02 -3.850530e+02 7.611283e+01 
2.568920e-01 1.291516e+03 8.076150e+02 1.133039e+02 -4.417821e+02 3.883043e+01 1.270244e+03 8.583843e+02 1.696947e+02 -3.796307e+02 7.611283e+01 
2.582294e-01 1.277326e+03 8.119655e+02 1.202668e+02 -4.326835e+02 3.883043e+01 1.257828e+03 8.590720e+02 1.724292e+02 -3.751848e+02 7.611283e+01 
2.595669e-01 1.263136e+03 8.207010e+02 1.278680e+02 -4.231742e+02 3.883043e+01 1.245412e+03 8.601586e+02 1.756170e+02 -3.702472e+02 7.611283e+01 
2.609043e-01 1.248947e+03 8.224765e+02 1.357463e+02 -4.127547e+02 3.883043e+01 1.232996e+03 8.616024e+02 1.791961e+02 -3.648589e+02 7.611283e+01 
2.622418e-01 1.234767e+03 8.285176e+02 1.444729e+02 -4.017434e+02 3.883043e+01 1.221111e+03 8.621777e+02 1.817924e+02 -3.605557e+02 7.611283e+01 
2.635793e-01 1.220606e+03 8.346909e+02 1.531030e+02 -3.907075e+02 3.883043e+01 1.209238e+03 8.630536e+02 1.847312e+02 -3.558865e+02 7.611283e+01 
2.649167e-01 1.206445e+03 8.412842e+02 1.625544e+02 -3.789438e+02 3.883043e+01 1.197365e+03 8.642726e+02 1.880595e+02 -3.507645e+02 7.611283e+01 
2.662542e-01 1.192284e+03 8.483485e+02 1.722843e+02 -3.666470e+02 3.883043e+01 1.185879e+03 8.649633e+02 1.907786e+02 -3.463567e+02 7.611283e+01 
2.675916e-01 1.178470e+03 8.548350e+02 1.817766e+02 -3.547295e+02 3.883043e+01 1.174524e+03 8.656338e+02 1.934927e+02 -3.423270e+02 7.611283e+01 
2.689291e-01 1.164986e+03 8.611401e+02 1.908169e+02 -3.434327e+02 3.883043e+01 1.163168e+03 8.666911e+02 1.966289e+02 -3.370542e+02 7.611283e+01 
2.702666e-01 1.151501e+03 8.676832e+02 2.000738e+02 -3.317454e+02 3.883043e+01 1.152043e+03 8.674792e+02 1.994660e+02 -3.324969e+02 7.611283e+01 
2.716040e-01 1.138016e+03 8.749022e+02 2.100671e+02 -3.192697e+02 3.883043e+01 1.141186e+03 8.679644e+02 2.019593e+02 -3.283291e+02 7.611283e+01 
2.729415e-01 1.125319e+03 8.802194e+02 2.180793e+02 -3.089434e+02 3.883043e+01 1.130329e+03 8.687807e+02 2.048244e+02 -3.237501e+02 7.611283e+01 
2.742789e-01 1.113013e+03 8.852235e+02 2.255748e+02 -2.991671e+02 3.883043e+01 1.119532e+03 8.697695e+02 2.078856e+02 -3.189469e+02 7.611283e+01 
2.756164e-01 1.100707e+03 8.903358e+02 2.334444e+02 -2.890394e+02 3.883043e+01 1.109153e+03 8.699896e+02 2.101289e+02 -3.150611e+02 7.611283e+01 
2.769538e-01 1.088402e+03 8.960346e+02 2.417751e+02 -2.784661e+02 3.883043e+01 1.098774e+03 8.706084e+02 2.127176e+02 -3.107895e+02 7.611283e+01 
2.782913e-01 1.077296e+03 8.986410e+02 2.467484e+02 -2.712979e+02 3.883043e+01 1.088394e+03 8.714950e+02 2.156565e+02 -3.061250e+02 7.611283e+01 
2.796288e-01 1.066450e+03 9.014940e+02 2.518101e+02 -2.643823e+02 3.883043e+01 1.078351e+03 8.718620e+02 2.180106e+02 -3.021181e+02 7.611283e+01 
2.809662e-01 1.055605e+03 9.039938e+02 2.567621e+02 -2.573177e+02 3.883043e+01 1.068430e+03 8.722044e+02 2.203313e+02 -2.981478e+02 7.611283e+01 
2.823037e-01 1.044759e+03 9.076650e+02 2.626417e+02 -2.494785e+02 3.883043e+01 1.058509e+03 8.727967e+02 2.229536e+02 -2.938413e+02 7.611283e+01 
2.836411e-01 1.035361e+03 9.072014e+02 2.640459e+02 -2.463816e+02 3.883043e+01 1.048712e+03 8.734886e+02 2.256537e+02 -2.894587e+02 7.611283e+01 
2.849786e-01 1.025998e+03 9.071379e+02 2.661244e+02 -2.427554e+02 3.883043e+01 1.039231e+03 8.735788e+02 2.276918e+02 -2.858057e+02 7.611283e+01 
2.863161e-01 1.016636e+03 9.068493e+02 2.680822e+02 -2.393937e+02 3.883043e+01 1.029750e+03 8.739657e+02 2.300742e+02 -2.817696e+02 7.611283e+01 
2.876535e-01 1.007436e+03 9.072053e+02 2.702090e+02 -2.353611e+02 3.883043e+01 1.020269e+03 8.746684e+02 2.327785e+02 -2.773887e+02 7.611283e+01 
2.889910e-01 9.993226e+02 9.045007e+02 2.691184e+02 -2.350580e+02 3.883043e+01 1.011114e+03 8.748051e+02 2.348572e+02 -2.736996e+02 7.611283e+01 
2.903284e-01 9.912095e+02 9.020518e+02 2.684489e+02 -2.344221e+02 3.883043e+01 1.002054e+03 8.749417e+02 2.369489e+02 -2.699942e+02 7.611283e+01 
2.916659e-01 9.830965e+02 8.992735e+02 2.674873e+02 -2.339352e+02 3.883043e+01 9.929946e+02 8.754088e+02 2.393700e+02 -2.659327e+02 7.611283e+01 
2.930033e-01 9.752214e+02 8.972400e+02 2.667809e+02 -2.331898e+02 3.883043e+01 9.840193e+02 8.759012e+02 2.418526e+02 -2.617965e+02 7.611283e+01 
2.943408e-01 9.679471e+02 8.931577e+02 2.642874e+02 -2.347547e+02 3.883043e+01 9.753632e+02 8.757713e+02 2.436275e+02 -2.584536e+02 7.611283e+01 
2.956783e-01 9.606729e+02 8.892281e+02 2.619322e+02 -2.357704e+02 3.883043e+01 9.667071e+02 8.759654e+02 2.457545e+02 -2.547271e+02 7.611283e+01 
2.970157e-01 9.533986e+02 8.859145e+02 2.600737e+02 -2.365509e+02 3.883043e+01 9.580511e+02 8.764210e+02 2.481786e+02 -2.506640e+02 7.611283e+01 
2.983532e-01 9.463006e+02 8.818355e+02 2.575021e+02 -2.379554e+02 3.883043e+01 9.496214e+02 8.765222e+02 2.501974e+02 -2.470591e+02 7.611283e+01 
2.996906e-01 9.394290e+02 8.775120e+02 2.544313e+02 -2.398295e+02 3.883043e+01 9.413523e+02 8.764010e+02 2.519698e+02 -2.437222e+02 7.611283e+01 
3.010281e-01 9.325574e+02 8.733634e+02 2.519590e+02 -2.413077e+02 3.883043e+01 9.330831e+02 8.765872e+02 2.540820e+02 -2.400177e+02 7.611283e+01 
3.023656e-01 9.256859e+02 8.697518e+02 2.498250e+02 -2.422812e+02 3.883043e+01 9.248140e+02 8.770750e+02 2.565196e+02 -2.359606e+02 7.611283e+01 
3.037030e-01 9.188492e+02 8.659866e+02 2.473804e+02 -2.435804e+02 3.883043e+01 9.168788e+02 8.767837e+02 2.580964e+02 -2.328450e+02 7.611283e+01 
3.050405e-01 9.120366e+02 8.625918e+02 2.455441e+02 -2.443073e+02 3.883043e+01 9.089803e+02 8.766970e+02 2.598837e+02 -2.295069e+02 7.611283e+01 
3.063779e-01 9.052240e+02 8.591955e+02 2.436022e+02 -2.450113e+02 3.883043e+01 9.010818e+02 8.768708e+02 2.619668e+02 -2.258447e+02 7.611283e+01 
3.077154e-01 8.984115e+02 8.563770e+02 2.423628e+02 -2.450623e+02 3.883043e+01 8.932386e+02 8.771468e+02 2.641322e+02 -2.220523e+02 7.611283e+01 
3.090528e-01 8.914895e+02 8.537434e+02 2.415528e+02 -2.446730e+02 3.883043e+01 8.856952e+02 8.767683e+02 2.656156e+02 -2.190979e+02 7.611283e+01 
3.103903e-01 8.845303e+02 8.519706e+02 2.409091e+02 -2.438291e+02 3.883043e+01 8.781518e+02 8.766272e+02 2.673348e+02 -2.158449e+02 7.611283e+01 
3.117278e-01 8.775710e+02 8.500026e+02 2.407906e+02 -2.427950e+02 3.883043e+01 8.706084e+02 8.767916e+02 2.693916e+02 -2.122261e+02 7.611283e+01 
3.130652e-01 8.706117e+02 8.487617e+02 2.411721e+02 -2.411129e+02 3.883043e+01 8.631835e+02 8.768409e+02 2.713120e+02 -2.087571e+02 7.611283e+01 
3.144027e-01 8.634591e+02 8.480106e+02 2.421615e+02 -2.387044e+02 3.883043e+01 8.559802e+02 8.764241e+02 2.727093e+02 -2.058700e+02 7.611283e+01 
3.157401e-01 8.562849e+02 8.478978e+02 2.438404e+02 -2.355469e+02 3.883043e+01 8.487769e+02 8.762607e+02 2.743934e+02 -2.026674e+02 7.611283e+01 
3.170776e-01 8.491107e+02 8.478033e+02 2.455140e+02 -2.323568e+02 3.883043e+01 8.415735e+02 8.763579e+02 2.763788e+02 -1.991396e+02 7.611283e+01 
3.184151e-01 8.419286e+02 8.482723e+02 2.478504e+02 -2.285281e+02 3.883043e+01 8.345259e+02 8.762077e+02 2.780367e+02 -1.959517e+02 7.611283e+01 
3.197525e-01 8.346055e+02 8.490870e+02 2.507417e+02 -2.239358e+02 3.883043e+01 8.276482e+02 8.757166e+02 2.793424e+02 -1.931724e+02 7.611283e+01 
3.210900e-01 8.272824e+02 8.505736e+02 2.539983e+02 -2.191407e+02 3.883043e+01 8.207705e+02 8.754977e+02 2.809484e+02 -1.900965e+02 7.611283e+01 
3.224274e-01 8.199594e+02 8.520273e+02 2.575466e+02 -2.139069e+02 3.883043e+01 8.138928e+02 8.755626e+02 2.828526e+02 -1.866760e+02 7.611283e+01 
3.237649e-01 8.126433e+02 8.540771e+02 2.614248e+02 -2.083886e+02 3.883043e+01 8.071846e+02 8.752764e+02 2.843657e+02 -1.836759e+02 7.611283e+01 
3.251023e-01 8.053540e+02 8.563046e+02 2.657279e+02 -2.025207e+02 3.883043e+01 8.006187e+02 8.747251e+02 2.855929e+02 -1.809930e+02 7.611283e+01 
3.264398e-01 7.980647e+02 8.585851e+02 2.700028e+02 -1.964407e+02 3.883043e+01 7.940528e+02 8.744049e+02 2.870671e+02 -1.780470e+02 7.611283e+01 
3.277773e-01 7.907754e+02 8.612859e+02 2.747481e+02 -1.899538e+02 3.883043e+01 7.874868e+02 8.744330e+02 2.889145e+02 -1.746998e+02 7.611283e+01 
3.291147e-01 7.835806e+02 8.637609e+02 2.793416e+02 -1.836456e+02 3.883043e+01 7.810833e+02 8.740685e+02 2.903323e+02 -1.718231e+02 7.611283e+01 
3.304522e-01 7.765529e+02 8.662644e+02 2.838338e+02 -1.775142e+02 3.883043e+01 7.748158e+02 8.734564e+02 2.914660e+02 -1.692652e+02 7.611283e+01 
3.317896e-01 7.695253e+02 8.685880e+02 2.882951e+02 -1.712353e+02 3.883043e+01 7.685483e+02 8.731025e+02 2.928878e+02 -1.663930e+02 7.611283e+01 
3.331271e-01 7.624977e+02 8.714292e+02 2.931675e+02 -1.646217e+02 3.883043e+01 7.622808e+02 8.729934e+02 2.945655e+02 -1.632405e+02 7.611283e+01 
3.344645e-01 7.556963e+02 8.736498e+02 2.973598e+02 -1.587120e+02 3.883043e+01 7.561500e+02 8.726459e+02 2.959755e+02 -1.603828e+02 7.611283e+01 
3.358020e-01 7.491081e+02 8.755311e+02 3.012310e+02 -1.532615e+02 3.883043e+01 7.501681e+02 8.719566e+02 2.970066e+02 -1.579437e+02 7.611283e+01 
3.371395e-01 7.425199e+02 8.775109e+02 3.050865e+02 -1.476765e+02 3.883043e+01 7.441862e+02 8.714834e+02 2.982789e+02 -1.552469e+02 7.611283e+01 
3.384769e-01 7.359317e+02 8.795359e+02 3.092241e+02 -1.419001e+02 3.883043e+01 7.382044e+02 8.712144e+02 2.998600e+02 -1.522176e+02 7.611283e+01 
3.398144e-01 7.296935e+02 8.805960e+02 3.122015e+02 -1.373184e+02 3.883043e+01 7.323169e+02 8.709814e+02 3.012786e+02 -1.493737e+02 7.611283e+01 
3.411518e-01 7.236286e+02 8.815035e+02 3.149223e+02 -1.331017e+02 3.883043e+01 7.266084e+02 8.701907e+02 3.021853e+02 -1.470836e+02 7.611283e+01 
3.424893e-01 7.175638e+02 8.824969e+02 3.176556e+02 -1.287589e+02 3.883043e+01 7.208998e+02 8.696616e+02 3.033611e+02 -1.445087e+02 7.611283e+01 
3.438268e-01 7.114990e+02 8.834419e+02 3.205718e+02 -1.242524e+02 3.883043e+01 7.151913e+02 8.693475e+02 3.047830e+02 -1.416685e+02 7.611283e+01 
3.451642e-01 7.058679e+02 8.830935e+02 3.219492e+02 -1.214116e+02 3.883043e+01 7.095204e+02 8.691430e+02 3.063111e+02 -1.387034e+02 7.611283e+01 
3.465017e-01 7.003303e+02 8.828917e+02 3.234591e+02 -1.185791e+02 3.883043e+01 7.040734e+02 8.682656e+02 3.070927e+02 -1.365841e+02 7.611283e+01 
3.478391e-01 6.947928e+02 8.825706e+02 3.248951e+02 -1.156573e+02 3.883043e+01 6.986264e+02 8.675792e+02 3.080907e+02 -1.342135e+02 7.611283e+01 
3.491766e-01 6.892552e+02 8.823708e+02 3.264952e+02 -1.126098e+02 3.883043e+01 6.931794e+02 8.671706e+02 3.093816e+02 -1.315343e+02 7.611283e+01 
3.505140e-01 6.841896e+02 8.807571e+02 3.263236e+02 -1.114440e+02 3.883043e+01 6.877323e+02 8.669984e+02 3.109237e+02 -1.285840e+02 7.611283e+01 
3.518515e-01 6.791354e+02 8.791096e+02 3.265305e+02 -1.100155e+02 3.883043e+01 6.825037e+02 8.661366e+02 3.117075e+02 -1.264630e+02 7.611283e+01 
3.531890e-01 6.740811e+02 8.779059e+02 3.267937e+02 -1.084652e+02 3.883043e+01 6.773068e+02 8.653012e+02 3.125272e+02 -1.242965e+02 7.611283e+01 
3.545264e-01 6.690774e+02 8.764937e+02 3.269504e+02 -1.070702e+02 3.883043e+01 6.721100e+02 8.647526e+02 3.136427e+02 -1.218222e+02 7.611283e+01 
3.558639e-01 6.644107e+02 8.738622e+02 3.257655e+02 -1.070050e+02 3.883043e+01 6.669132e+02 8.644483e+02 3.150156e+02 -1.190768e+02 7.611283e+01 
3.572013e-01 6.597441e+02 8.714654e+02 3.249059e+02 -1.066539e+02 3.883043e+01 6.618434e+02 8.638350e+02 3.160524e+02 -1.166944e+02 7.611283e+01 
3.585388e-01 6.550774e+02 8.694707e+02 3.244008e+02 -1.059618e+02 3.883043e+01 6.568858e+02 8.629443e+02 3.167756e+02 -1.146649e+02 7.611283e+01 
3.598763e-01 6.504824e+02 8.670868e+02 3.236716e+02 -1.055453e+02 3.883043e+01 6.519283e+02 8.622586e+02 3.177221e+02 -1.123853e+02 7.611283e+01 
3.612137e-01 6.460677e+02 8.639670e+02 3.218372e+02 -1.060587e+02 3.883043e+01 6.469707e+02 8.615677e+02 3.188849e+02 -1.098780e+02 7.611283e+01 
3.625512e-01 6.416530e+02 8.614494e+02 3.208273e+02 -1.061054e+02 3.883043e+01 6.420400e+02 8.614580e+02 3.202214e+02 -1.071912e+02 7.611283e+01 
3.638886e-01 6.372383e+02 8.591346e+02 3.199839e+02 -1.058123e+02 3.883043e+01 6.373113e+02 8.603723e+02 3.207197e+02 -1.054068e+02 7.611283e+01 
3.652261e-01 6.328753e+02 8.566231e+02 3.189146e+02 -1.057177e+02 3.883043e+01 6.325826e+02 8.595742e+02 3.215155e+02 -1.033166e+02 7.611283e+01 
3.665635e-01 6.285787e+02 8.539372e+02 3.175261e+02 -1.059263e+02 3.883043e+01 6.278539e+02 8.589539e+02 3.225297e+02 -1.009859e+02 7.611283e+01 
3.679010e-01 6.242821e+02 8.513867e+02 3.166635e+02 -1.057252e+02 3.883043e+01 6.231252e+02 8.584958e+02 3.236919e+02 -9.849263e+01 7.611283e+01 
3.692385e-01 6.199854e+02 8.495972e+02 3.161005e+02 -1.051137e+02 3.883043e+01 6.185347e+02 8.577494e+02 3.242806e+02 -9.638012e+01 7.611283e+01 
3.705759e-01 6.157103e+02 8.473950e+02 3.154392e+02 -1.046066e+02 3.883043e+01 6.140253e+02 8.567750e+02 3.251082e+02 -9.452539e+01 7.611283e+01 
3.719134e-01 6.114500e+02 8.453622e+02 3.148200e+02 -1.040305e+02 3.883043e+01 6.095159e+02 8.560028e+02 3.259096e+02 -9.244156e+01 7.611283e+01 
3.732508e-01 6.071897e+02 8.436645e+02 3.145478e+02 -1.031834e+02 3.883043e+01 6.050065e+02 8.554375e+02 3.269404e+02 -9.011224e+01 7.611283e+01 
3.745883e-01 6.029295e+02 8.422833e+02 3.146160e+02 -1.019257e+02 3.883043e+01 6.005116e+02 8.550334e+02 3.280570e+02 -8.761684e+01 7.611283e+01 
3.759258e-01 5.986756e+02 8.409130e+02 3.147385e+02 -1.005537e+02 3.883043e+01 5.962109e+02 8.538593e+02 3.284544e+02 -8.601704e+01 7.611283e+01 
3.772632e-01 5.944238e+02 8.395645e+02 3.149166e+02 -9.922784e+01 3.883043e+01 5.919102e+02 8.528904e+02 3.290603e+02 -8.417196e+01 7.611283e+01 
3.786007e-01 5.901721e+02 8.386217e+02 3.154516e+02 -9.744236e+01 3.883043e+01 5.876095e+02 8.521560e+02 3.298806e+02 -8.215351e+01 7.611283e+01 
3.799381e-01 5.859204e+02 8.379789e+02 3.164289e+02 -9.524382e+01 3.883043e+01 5.833088e+02 8.516679e+02 3.309627e+02 -7.975997e+01 7.611283e+01 
3.812756e-01 5.816843e+02 8.373508e+02 3.171558e+02 -9.327679e+01 3.883043e+01 5.790946e+02 8.509199e+02 3.317578e+02 -7.771235e+01 7.611283e+01 
3.826130e-01 5.774500e+02 8.368647e+02 3.183544e+02 -9.077644e+01 3.883043e+01 5.749938e+02 8.498120e+02 3.321554e+02 -7.609742e+01 7.611283e+01 
3.839505e-01 5.732156e+02 8.364919e+02 3.195782e+02 -8.826854e+01 3.883043e+01 5.708931e+02 8.489259e+02 3.327873e+02 -7.423572e+01 7.611283e+01 
3.852880e-01 5.689842e+02 8.366061e+02 3.213244e+02 -8.526309e+01 3.883043e+01 5.667924e+02 8.481887e+02 3.335825e+02 -7.219758e+01 7.611283e+01 
3.866254e-01 5.648036e+02 8.367465e+02 3.227186e+02 -8.241884e+01 3.883043e+01 5.626917e+02 8.476940e+02 3.346329e+02 -6.988680e+01 7.611283e+01 
3.879629e-01 5.606230e+02 8.366750e+02 3.244345e+02 -7.963742e+01 3.883043e+01 5.587284e+02 8.467285e+02 3.351617e+02 -6.806236e+01 7.611283e+01 
3.893003e-01 5.564425e+02 8.370464e+02 3.263540e+02 -7.637522e+01 3.883043e+01 5.548188e+02 8.456431e+02 3.355576e+02 -6.645326e+01 7.611283e+01 
3.906378e-01 5.522851e+02 8.375077e+02 3.283113e+02 -7.308967e+01 3.883043e+01 5.509092e+02 8.446751e+02 3.360844e+02 -6.482226e+01 7.611283e+01 
3.919753e-01 5.482165e+02 8.377978e+02 3.301873e+02 -6.993539e+01 3.883043e+01 5.469996e+02 8.440439e+02 3.369591e+02 -6.272372e+01 7.611283e+01 
3.933127e-01 5.441479e+02 8.380995e+02 3.321307e+02 -6.664062e+01 3.883043e+01 5.430900e+02 8.435769e+02 3.380065e+02 -6.044091e+01 7.611283e+01 
3.946502e-01 5.400793e+02 8.386352e+02 3.342677e+02 -6.322092e+01 3.883043e+01 5.393498e+02 8.423763e+02 3.382602e+02 -5.901745e+01 7.611283e+01 
3.959876e-01 5.360726e+02 8.390707e+02 3.362930e+02 -5.990028e+01 3.883043e+01 5.356229e+02 8.412929e+02 3.386306e+02 -5.747060e+01 7.611283e+01 
3.973251e-01 5.321751e+02 8.394093e+02 3.381486e+02 -5.682754e+01 3.883043e+01 5.318959e+02 8.403971e+02 3.392043e+02 -5.570879e+01 7.611283e+01 
3.986625e-01 5.282777e+02 8.394932e+02 3.397994e+02 -5.375064e+01 3.883043e+01 5.281690e+02 8.396981e+02 3.399765e+02 -5.373697e+01 7.611283e+01 
4.000000e-01 5.243803e+02 8.399002e+02 3.418617e+02 -5.052932e+01 3.883043e+01 5.244520e+02 8.392240e+02 3.409879e+02 -5.151951e+01 7.611283e+01 
